22
617.744593 	2499.900000 	1572.527741 	2005.570864 	
1610.480750 	1600.565271 	2499.900000 	1377.970467 	
198.190983 	707.186122 	307.066609 	0.100000 	
1681.150764 	457.221679 	2499.900000 	632.995196 	
914.735056 	1920.839444 	1866.041673 	2426.203014 	
404.844993 	1012.162487 	1481.037224 	1058.926784 	
830.839115 	1722.014039 	1899.173097 	1584.031721 	
385.207345 	1685.834780 	1313.931465 	2231.589421 	
37.122347 	709.761735 	1099.168943 	529.668303 	
1055.789069 	1507.551496 	2105.236074 	1264.574949 	
1115.019367 	382.400213 	2121.791766 	765.526762 	
1296.216092 	16.116409 	2373.421357 	18.447411 	
425.277651 	2049.414892 	1469.220099 	1783.782094 	
241.852972 	0.100000 	1258.445962 	232.709000 	
410.973830 	1083.844203 	1469.039712 	881.672970 	
458.226585 	333.930669 	1356.303786 	928.770109 	
1582.734907 	642.313124 	2499.900000 	378.771483 	
1238.125430 	1780.188775 	2286.164299 	1531.208561 	
304.205052 	2418.483039 	1348.749482 	2155.227361 	
929.018025 	0.100000 	1995.701480 	92.361337 	
1312.655521 	1601.946692 	2251.461936 	2130.169310 	
1409.244525 	1922.098999 	2475.364852 	2076.254972 	
2251.065201 	0.147433 	0.950000 	
2251.065201 	0.147433 	0.950000 	
2251.065201 	0.147433 	0.950000 	
2251.065201 	0.147433 	0.950000 	
2251.065201 	0.147433 	0.950000 	
2251.065201 	0.147433 	0.950000 	
2251.065201 	0.147433 	0.950000 	
2251.065201 	0.147433 	0.950000 	
2251.065201 	0.147433 	0.950000 	
2251.065201 	0.147433 	0.950000 	
2251.065201 	0.147433 	0.950000 	
2251.065201 	0.147433 	0.950000 	
2251.065201 	0.147433 	0.950000 	
2251.065201 	0.147433 	0.950000 	
2251.065201 	0.147433 	0.950000 	
2251.065201 	0.147433 	0.950000 	
2251.065201 	0.147433 	0.950000 	
2251.065201 	0.147433 	0.950000 	
2251.065201 	0.147433 	0.950000 	
2251.065201 	0.147433 	0.950000 	
2251.065201 	0.147433 	0.950000 	
2251.065201 	0.147433 	0.950000 	
