21
139.513571 	1363.935249 	1236.462900 	1307.520001 	
880.640758 	993.728190 	1708.289014 	271.593248 	
579.763596 	2177.910732 	1653.927258 	2407.373009 	
1203.612374 	1747.893033 	2261.603579 	2043.079615 	
0.100000 	2364.065692 	920.201769 	2071.087969 	
1399.732660 	103.681221 	2489.601086 	240.309635 	
1061.683488 	423.724189 	2157.837450 	493.916789 	
30.022862 	1601.238497 	1016.583226 	2084.124776 	
1418.302718 	1714.109389 	2499.900000 	1769.464874 	
145.591435 	1724.476089 	1153.745064 	2160.488439 	
916.057628 	1279.933772 	2013.302059 	1229.583324 	
804.592374 	1202.054888 	1867.587561 	925.429252 	
25.510938 	1536.283935 	1123.787830 	1519.901719 	
0.100000 	2182.374257 	808.824077 	2096.485199 	
1276.361119 	1490.619258 	2309.579470 	1863.366287 	
1230.509057 	1321.087731 	2328.641168 	1296.872493 	
572.635674 	925.186578 	1611.641735 	568.890472 	
0.100000 	1793.297314 	911.810877 	1726.548079 	
931.041812 	706.890005 	1911.946169 	1201.164375 	
56.384750 	1508.300210 	1140.236228 	1330.124779 	
1176.288617 	2360.118010 	2238.154025 	2079.186766 	
2020.245499 	0.142746 	0.950000 	
2020.245499 	0.142746 	0.950000 	
2020.245499 	0.142746 	0.950000 	
2020.245499 	0.142746 	0.950000 	
2020.245499 	0.142746 	0.950000 	
2020.245499 	0.142746 	0.950000 	
2020.245499 	0.142746 	0.950000 	
2020.245499 	0.142746 	0.950000 	
2020.245499 	0.142746 	0.950000 	
2020.245499 	0.142746 	0.950000 	
2020.245499 	0.142746 	0.950000 	
2020.245499 	0.142746 	0.950000 	
2020.245499 	0.142746 	0.950000 	
2020.245499 	0.142746 	0.950000 	
2020.245499 	0.142746 	0.950000 	
2020.245499 	0.142746 	0.950000 	
2020.245499 	0.142746 	0.950000 	
2020.245499 	0.142746 	0.950000 	
2020.245499 	0.142746 	0.950000 	
2020.245499 	0.142746 	0.950000 	
2020.245499 	0.142746 	0.950000 	
