27
131.741721 	1551.525661 	1153.093088 	1392.826289 	
178.574759 	1419.464314 	1182.917093 	1663.678528 	
630.868910 	749.767634 	1619.784723 	449.118967 	
972.499795 	2290.497293 	1795.299088 	1664.921215 	
1567.302979 	1709.072919 	2499.900000 	1819.160599 	
372.928268 	1756.749918 	1391.461374 	1932.631747 	
296.791503 	306.061405 	1327.300861 	386.027455 	
1007.435578 	204.351660 	1968.159789 	0.100000 	
180.203443 	1925.576017 	1201.575808 	1767.011836 	
118.959145 	1823.523684 	1069.110631 	2230.409737 	
0.100000 	1375.306933 	798.348476 	1448.300649 	
767.351511 	178.390991 	1797.983335 	100.019116 	
0.100000 	923.261044 	758.559600 	692.220987 	
850.448395 	2407.494092 	1873.561383 	2260.579424 	
844.700107 	2125.858822 	1878.236939 	2137.930407 	
0.100000 	1655.359583 	910.587133 	1778.503926 	
546.534034 	558.786263 	1541.102892 	277.402375 	
1316.617079 	1896.142154 	2272.199304 	1502.179316 	
878.343923 	190.027445 	1911.798152 	207.816864 	
540.393519 	1369.443118 	1571.883018 	1435.575705 	
779.886885 	1140.668951 	1813.401131 	1154.540161 	
533.203571 	1786.420320 	1536.740486 	1538.917255 	
0.100000 	1398.819896 	794.881795 	771.752317 	
1291.408770 	111.581865 	2322.666776 	41.932514 	
1291.397263 	933.684112 	2265.842313 	1278.359252 	
995.497760 	830.374895 	1778.621130 	1504.957650 	
972.723824 	0.100000 	1985.126736 	130.105596 	
2092.562396 	0.152161 	0.950000 	
2092.562396 	0.152161 	0.950000 	
2092.562396 	0.152161 	0.950000 	
2092.562396 	0.152161 	0.950000 	
2092.562396 	0.152161 	0.950000 	
2092.562396 	0.152161 	0.950000 	
2092.562396 	0.152161 	0.950000 	
2092.562396 	0.152161 	0.950000 	
2092.562396 	0.152161 	0.950000 	
2092.562396 	0.152161 	0.950000 	
2092.562396 	0.152161 	0.950000 	
2092.562396 	0.152161 	0.950000 	
2092.562396 	0.152161 	0.950000 	
2092.562396 	0.152161 	0.950000 	
2092.562396 	0.152161 	0.950000 	
2092.562396 	0.152161 	0.950000 	
2092.562396 	0.152161 	0.950000 	
2092.562396 	0.152161 	0.950000 	
2092.562396 	0.152161 	0.950000 	
2092.562396 	0.152161 	0.950000 	
2092.562396 	0.152161 	0.950000 	
2092.562396 	0.152161 	0.950000 	
2092.562396 	0.152161 	0.950000 	
2092.562396 	0.152161 	0.950000 	
2092.562396 	0.152161 	0.950000 	
2092.562396 	0.152161 	0.950000 	
2092.562396 	0.152161 	0.950000 	
