23
195.946544 	1486.575209 	949.505347 	1963.360758 	
1211.243772 	2286.913931 	2102.604520 	2312.435426 	
892.832714 	2447.625485 	1783.291615 	2400.104178 	
324.446806 	921.053194 	1194.032078 	723.577162 	
599.631302 	327.497412 	1472.812083 	146.581263 	
348.012787 	2230.192809 	1130.463566 	1802.470813 	
982.053411 	1601.843423 	1848.702544 	1811.830586 	
0.100000 	506.979663 	795.189349 	359.255212 	
1022.956102 	1090.766091 	1886.214597 	1314.283649 	
0.100000 	2499.900000 	679.483849 	2071.553790 	
1533.103793 	284.515372 	2416.536932 	405.846393 	
519.281304 	1807.110202 	1353.158141 	1491.159652 	
111.512258 	744.053219 	837.421610 	226.143052 	
992.920763 	1607.657024 	1880.785554 	1524.762863 	
1077.485381 	1444.170858 	1942.821594 	1659.504476 	
1403.625636 	925.236289 	2221.896079 	1279.649622 	
1329.285097 	1438.179052 	2116.771419 	1856.557615 	
1392.329187 	1184.452191 	2274.059411 	1051.308883 	
1133.350997 	2294.354510 	1961.494354 	1963.667485 	
1912.730780 	1352.566388 	2234.902502 	2184.059449 	
1026.802923 	1167.619315 	1897.501454 	975.111141 	
1294.266163 	1673.270459 	2151.516207 	1427.714578 	
1238.487927 	1519.694620 	2114.518174 	1686.266931 	
1865.639431 	0.119240 	0.950000 	
1865.639431 	0.119240 	0.950000 	
1865.639431 	0.119240 	0.950000 	
1865.639431 	0.119240 	0.950000 	
1865.639431 	0.119240 	0.950000 	
1865.639431 	0.119240 	0.950000 	
1865.639431 	0.119240 	0.950000 	
1865.639431 	0.119240 	0.950000 	
1865.639431 	0.119240 	0.950000 	
1865.639431 	0.119240 	0.950000 	
1865.639431 	0.119240 	0.950000 	
1865.639431 	0.119240 	0.950000 	
1865.639431 	0.119240 	0.950000 	
1865.639431 	0.119240 	0.950000 	
1865.639431 	0.119240 	0.950000 	
1865.639431 	0.119240 	0.950000 	
1865.639431 	0.119240 	0.950000 	
1865.639431 	0.119240 	0.950000 	
1865.639431 	0.119240 	0.950000 	
1865.639431 	0.119240 	0.950000 	
1865.639431 	0.119240 	0.950000 	
1865.639431 	0.119240 	0.950000 	
1865.639431 	0.119240 	0.950000 	
