26
1427.778623 	1723.350804 	2194.299988 	2104.149279 	
1173.246476 	450.329650 	2028.081787 	492.980234 	
0.100000 	827.906980 	677.223303 	609.583885 	
1096.786922 	462.934078 	1811.895029 	0.100000 	
596.390598 	1414.408936 	1450.694180 	1466.637967 	
1675.952698 	1573.202966 	2488.012278 	1843.613250 	
0.100000 	1415.545654 	677.429690 	1317.419919 	
756.562926 	1154.522546 	1593.233711 	974.121663 	
673.888255 	1662.848946 	1523.507904 	1559.364961 	
782.954136 	1797.689138 	1560.711328 	1440.399013 	
1370.365465 	1779.878176 	2210.273450 	1615.205594 	
468.071764 	1619.815488 	1321.815464 	1559.118065 	
1391.598609 	2355.231858 	2247.358570 	2370.638708 	
764.899224 	533.055277 	1620.529391 	511.619335 	
0.100000 	1671.450164 	737.201693 	1874.958350 	
174.193784 	572.210667 	1029.303879 	608.942218 	
1369.635459 	18.772953 	2017.396674 	578.208286 	
772.231255 	1465.953710 	1621.712716 	1570.565994 	
230.518153 	846.839568 	880.366649 	1403.848916 	
521.438846 	1266.711448 	1343.059582 	1026.916020 	
1045.945196 	1567.002080 	1883.611659 	1742.721679 	
207.774189 	1969.374227 	1059.206833 	1882.053347 	
1310.734225 	775.618963 	2142.973135 	975.471104 	
319.337227 	1556.113276 	1152.061167 	1753.934716 	
1805.135723 	1364.281146 	2364.561645 	716.511804 	
416.980771 	2317.881412 	1159.265576 	1891.764351 	
2080.368899 	0.179404 	0.950000 	
2080.368899 	0.179404 	0.950000 	
2080.368899 	0.179404 	0.950000 	
2080.368899 	0.179404 	0.950000 	
2080.368899 	0.179404 	0.950000 	
2080.368899 	0.179404 	0.950000 	
2080.368899 	0.179404 	0.950000 	
2080.368899 	0.179404 	0.950000 	
2080.368899 	0.179404 	0.950000 	
2080.368899 	0.179404 	0.950000 	
2080.368899 	0.179404 	0.950000 	
2080.368899 	0.179404 	0.950000 	
2080.368899 	0.179404 	0.950000 	
2080.368899 	0.179404 	0.950000 	
2080.368899 	0.179404 	0.950000 	
2080.368899 	0.179404 	0.950000 	
2080.368899 	0.179404 	0.950000 	
2080.368899 	0.179404 	0.950000 	
2080.368899 	0.179404 	0.950000 	
2080.368899 	0.179404 	0.950000 	
2080.368899 	0.179404 	0.950000 	
2080.368899 	0.179404 	0.950000 	
2080.368899 	0.179404 	0.950000 	
2080.368899 	0.179404 	0.950000 	
2080.368899 	0.179404 	0.950000 	
2080.368899 	0.179404 	0.950000 	
