25
1763.534330 	2365.628222 	2499.900000 	2325.218797 	
1759.257617 	0.100000 	2469.521864 	311.934647 	
6.223231 	1799.790170 	862.694755 	1402.155954 	
1696.374835 	121.660289 	2499.900000 	0.100000 	
105.965647 	217.412869 	1045.216988 	314.692665 	
1838.496490 	0.100000 	2499.900000 	581.181362 	
974.284267 	870.141563 	1913.742394 	965.403657 	
302.554084 	399.480863 	1158.354392 	798.557640 	
0.100000 	727.831472 	842.256821 	1002.869537 	
396.636971 	492.515085 	1303.527889 	755.584092 	
1464.027334 	738.982770 	2290.151962 	1196.338801 	
109.846806 	682.827029 	696.992691 	1422.364824 	
487.601106 	1572.845079 	1430.291276 	1627.541367 	
44.942700 	2022.538335 	983.100798 	1915.226529 	
95.496835 	640.306287 	1037.221686 	709.665831 	
0.100000 	2166.035520 	843.089567 	2053.876284 	
1363.043974 	2223.247241 	1944.329942 	1479.094660 	
0.100000 	2086.745677 	894.611839 	2043.764067 	
1012.461824 	424.384379 	1954.687134 	486.576858 	
130.281546 	231.271241 	1064.804787 	95.909673 	
1082.375556 	1566.037192 	2023.228703 	1485.714118 	
829.807664 	1533.571437 	1664.977960 	1974.192609 	
347.131448 	263.747071 	1290.911307 	294.341492 	
1439.014210 	245.102505 	2383.224745 	234.016157 	
1430.415332 	1615.829532 	2343.024198 	1373.339330 	
1979.819369 	0.152559 	0.950000 	
1979.819369 	0.152559 	0.950000 	
1979.819369 	0.152559 	0.950000 	
1979.819369 	0.152559 	0.950000 	
1979.819369 	0.152559 	0.950000 	
1979.819369 	0.152559 	0.950000 	
1979.819369 	0.152559 	0.950000 	
1979.819369 	0.152559 	0.950000 	
1979.819369 	0.152559 	0.950000 	
1979.819369 	0.152559 	0.950000 	
1979.819369 	0.152559 	0.950000 	
1979.819369 	0.152559 	0.950000 	
1979.819369 	0.152559 	0.950000 	
1979.819369 	0.152559 	0.950000 	
1979.819369 	0.152559 	0.950000 	
1979.819369 	0.152559 	0.950000 	
1979.819369 	0.152559 	0.950000 	
1979.819369 	0.152559 	0.950000 	
1979.819369 	0.152559 	0.950000 	
1979.819369 	0.152559 	0.950000 	
1979.819369 	0.152559 	0.950000 	
1979.819369 	0.152559 	0.950000 	
1979.819369 	0.152559 	0.950000 	
1979.819369 	0.152559 	0.950000 	
1979.819369 	0.152559 	0.950000 	
