23
1291.423863 	297.704656 	2178.156850 	465.811767 	
1586.297649 	2003.935303 	2462.075803 	1785.834371 	
1113.445165 	2494.340244 	1782.139457 	1888.202193 	
1181.288340 	1200.898651 	2077.231114 	1309.719318 	
581.022443 	1418.747822 	1483.443575 	1432.585849 	
265.321702 	2261.683357 	1127.773033 	1995.726417 	
71.737921 	2499.900000 	953.302195 	2364.911670 	
164.667595 	2111.512477 	1025.245701 	1839.555283 	
1685.324828 	785.116466 	2499.900000 	968.298243 	
0.100000 	1434.110732 	733.056791 	1075.413474 	
1569.984516 	534.087647 	2448.243451 	741.973755 	
846.346892 	1326.242467 	1742.962905 	1223.115769 	
1417.170648 	238.343337 	2315.818820 	154.755924 	
720.381200 	292.071105 	1569.937730 	0.100000 	
515.961598 	1733.107933 	1370.194220 	1441.831400 	
1328.703671 	1660.128518 	2199.899386 	1424.388370 	
548.274897 	363.143449 	1392.576799 	44.223883 	
929.202621 	1647.387855 	1797.224094 	1400.215620 	
1590.446767 	1474.253548 	2464.438252 	1249.099653 	
1557.070223 	2393.413421 	2303.585209 	1886.194764 	
388.705664 	1892.371030 	1087.403164 	1321.076715 	
969.862289 	1104.199365 	1272.610562 	253.964765 	
1466.163679 	170.913265 	2348.047743 	362.840043 	
2044.202037 	0.142116 	0.950000 	
2044.202037 	0.142116 	0.950000 	
2044.202037 	0.142116 	0.950000 	
2044.202037 	0.142116 	0.950000 	
2044.202037 	0.142116 	0.950000 	
2044.202037 	0.142116 	0.950000 	
2044.202037 	0.142116 	0.950000 	
2044.202037 	0.142116 	0.950000 	
2044.202037 	0.142116 	0.950000 	
2044.202037 	0.142116 	0.950000 	
2044.202037 	0.142116 	0.950000 	
2044.202037 	0.142116 	0.950000 	
2044.202037 	0.142116 	0.950000 	
2044.202037 	0.142116 	0.950000 	
2044.202037 	0.142116 	0.950000 	
2044.202037 	0.142116 	0.950000 	
2044.202037 	0.142116 	0.950000 	
2044.202037 	0.142116 	0.950000 	
2044.202037 	0.142116 	0.950000 	
2044.202037 	0.142116 	0.950000 	
2044.202037 	0.142116 	0.950000 	
2044.202037 	0.142116 	0.950000 	
2044.202037 	0.142116 	0.950000 	
