26
1721.543918 	774.292278 	2499.900000 	747.200066 	
458.861595 	831.954304 	1467.961405 	622.347349 	
1241.037750 	580.580835 	2270.393615 	632.000709 	
122.236733 	1961.514846 	817.957256 	2499.900000 	
940.368598 	2041.761935 	1947.812321 	2259.189269 	
612.828372 	1124.180009 	1609.552429 	861.961293 	
1225.867962 	1371.110855 	2197.004108 	1025.984666 	
259.298725 	1460.764055 	1285.405958 	1364.216411 	
19.875309 	1523.001082 	859.355417 	925.095865 	
763.479171 	335.910305 	1540.374787 	1013.147858 	
1016.486374 	2433.057968 	2043.811667 	2499.900000 	
51.609082 	686.515466 	976.546188 	231.863016 	
640.903074 	2129.743663 	1670.386645 	2178.539962 	
1119.682319 	358.304416 	1989.116076 	0.100000 	
1402.093356 	713.072766 	2405.899970 	946.717332 	
352.142023 	1908.558778 	1380.165611 	1835.176201 	
539.477598 	1602.415198 	1569.976718 	1619.417093 	
1508.336609 	350.116721 	2499.900000 	496.073092 	
1164.528669 	2210.968433 	2137.789372 	2499.900000 	
244.261142 	1519.297681 	1223.228039 	1197.053496 	
1337.522506 	909.262070 	2201.804757 	347.805311 	
316.960642 	1467.449962 	1346.742306 	1425.411587 	
316.231991 	2452.337465 	1293.522885 	2125.045530 	
0.100000 	2153.388379 	770.375534 	2324.594252 	
614.846858 	1549.276919 	1383.997707 	863.256168 	
637.559706 	936.377103 	1610.171417 	1277.322786 	
1777.687649 	0.143655 	0.950000 	
1777.687649 	0.143655 	0.950000 	
1777.687649 	0.143655 	0.950000 	
1777.687649 	0.143655 	0.950000 	
1777.687649 	0.143655 	0.950000 	
1777.687649 	0.143655 	0.950000 	
1777.687649 	0.143655 	0.950000 	
1777.687649 	0.143655 	0.950000 	
1777.687649 	0.143655 	0.950000 	
1777.687649 	0.143655 	0.950000 	
1777.687649 	0.143655 	0.950000 	
1777.687649 	0.143655 	0.950000 	
1777.687649 	0.143655 	0.950000 	
1777.687649 	0.143655 	0.950000 	
1777.687649 	0.143655 	0.950000 	
1777.687649 	0.143655 	0.950000 	
1777.687649 	0.143655 	0.950000 	
1777.687649 	0.143655 	0.950000 	
1777.687649 	0.143655 	0.950000 	
1777.687649 	0.143655 	0.950000 	
1777.687649 	0.143655 	0.950000 	
1777.687649 	0.143655 	0.950000 	
1777.687649 	0.143655 	0.950000 	
1777.687649 	0.143655 	0.950000 	
1777.687649 	0.143655 	0.950000 	
1777.687649 	0.143655 	0.950000 	
