16
715.711091 	460.036415 	1658.588902 	392.311689 	
1799.407744 	1468.314240 	2499.900000 	1917.188559 	
1145.489558 	2315.075363 	2083.395089 	2197.014279 	
1534.492351 	999.424163 	2449.110521 	760.512446 	
777.090591 	167.518128 	1707.751671 	333.274452 	
428.654514 	1725.495305 	1221.994328 	2239.515874 	
163.304761 	1035.311633 	1068.772509 	1306.850512 	
1700.252185 	1697.333162 	2499.900000 	1739.372872 	
1299.510665 	1612.717778 	2225.535238 	1802.674866 	
1687.811195 	958.044999 	2499.900000 	1149.134430 	
1121.062064 	1681.765552 	2064.004532 	1614.947078 	
155.205474 	1510.068208 	1089.012966 	1657.067438 	
357.036542 	1315.265194 	1302.331291 	1310.464850 	
0.100000 	349.643838 	821.249336 	606.763411 	
0.100000 	1165.623104 	796.796727 	1393.906945 	
408.808917 	2122.130670 	1209.426408 	1619.520644 	
1753.899278 	0.151921 	0.950000 	
1753.899278 	0.151921 	0.950000 	
1753.899278 	0.151921 	0.950000 	
1753.899278 	0.151921 	0.950000 	
1753.899278 	0.151921 	0.950000 	
1753.899278 	0.151921 	0.950000 	
1753.899278 	0.151921 	0.950000 	
1753.899278 	0.151921 	0.950000 	
1753.899278 	0.151921 	0.950000 	
1753.899278 	0.151921 	0.950000 	
1753.899278 	0.151921 	0.950000 	
1753.899278 	0.151921 	0.950000 	
1753.899278 	0.151921 	0.950000 	
1753.899278 	0.151921 	0.950000 	
1753.899278 	0.151921 	0.950000 	
1753.899278 	0.151921 	0.950000 	
