26
1320.581027 	152.850619 	2262.915353 	261.612190 	
1688.134797 	325.499680 	2499.900000 	744.138883 	
0.100000 	1157.837159 	858.620900 	1474.343249 	
0.100000 	1486.162963 	828.348999 	1847.358443 	
1731.296759 	1116.997658 	2499.900000 	1177.998393 	
823.964801 	470.947753 	1762.842082 	606.345362 	
1391.732113 	358.622663 	2259.064186 	742.755629 	
395.502076 	2208.680439 	1343.515087 	2241.762048 	
99.014884 	1026.643393 	875.048746 	481.121161 	
747.628585 	593.348699 	1694.083756 	656.954284 	
638.320800 	2412.960141 	1522.790034 	2070.123104 	
1607.593393 	313.308346 	2499.900000 	285.330405 	
103.098311 	1752.272679 	1034.732351 	1573.719949 	
200.318772 	945.963422 	1114.112897 	691.398386 	
122.062746 	611.098044 	978.295395 	1019.373333 	
1696.470902 	2134.909936 	2499.900000 	1992.531056 	
1273.067633 	1375.573960 	2221.657667 	1375.483986 	
188.801119 	1598.443668 	1137.006803 	1625.444471 	
1179.923535 	2365.350899 	1982.881699 	1860.295211 	
263.848904 	1277.510754 	1114.404939 	1697.483960 	
675.098753 	854.887059 	1622.102165 	800.045473 	
1679.729285 	381.766517 	2499.900000 	675.276363 	
942.277157 	1513.750778 	1885.481774 	1614.686949 	
117.025141 	454.171824 	973.881881 	861.135691 	
1054.736481 	2499.900000 	1963.386792 	2302.944766 	
248.331853 	699.790734 	988.879054 	106.989836 	
1872.174621 	0.125708 	0.950000 	
1872.174621 	0.125708 	0.950000 	
1872.174621 	0.125708 	0.950000 	
1872.174621 	0.125708 	0.950000 	
1872.174621 	0.125708 	0.950000 	
1872.174621 	0.125708 	0.950000 	
1872.174621 	0.125708 	0.950000 	
1872.174621 	0.125708 	0.950000 	
1872.174621 	0.125708 	0.950000 	
1872.174621 	0.125708 	0.950000 	
1872.174621 	0.125708 	0.950000 	
1872.174621 	0.125708 	0.950000 	
1872.174621 	0.125708 	0.950000 	
1872.174621 	0.125708 	0.950000 	
1872.174621 	0.125708 	0.950000 	
1872.174621 	0.125708 	0.950000 	
1872.174621 	0.125708 	0.950000 	
1872.174621 	0.125708 	0.950000 	
1872.174621 	0.125708 	0.950000 	
1872.174621 	0.125708 	0.950000 	
1872.174621 	0.125708 	0.950000 	
1872.174621 	0.125708 	0.950000 	
1872.174621 	0.125708 	0.950000 	
1872.174621 	0.125708 	0.950000 	
1872.174621 	0.125708 	0.950000 	
1872.174621 	0.125708 	0.950000 	
