26
455.571966 	2006.677675 	1462.796137 	2146.966429 	
981.188769 	35.460037 	1841.345630 	577.965004 	
386.737554 	842.541992 	1308.684182 	413.361518 	
1170.678722 	2301.386176 	2184.045046 	2386.651408 	
574.945319 	1956.937309 	1366.999483 	1319.103736 	
1179.076056 	1856.961969 	2194.762044 	1907.592376 	
1756.101493 	1873.001702 	2499.900000 	2181.290955 	
0.100000 	327.975751 	881.872007 	0.100000 	
679.587313 	1077.691200 	1693.236275 	995.854488 	
0.100000 	1577.803730 	888.036615 	2049.641547 	
1295.623201 	39.796869 	2105.058623 	655.423186 	
1565.617488 	1580.983979 	2499.900000 	1581.802316 	
0.100000 	336.948471 	847.175012 	897.218816 	
782.413506 	2131.569587 	1797.390049 	2068.291779 	
876.440148 	2262.776440 	1834.083856 	1920.577676 	
1112.247212 	1153.409937 	2128.348938 	1111.952155 	
455.318550 	1308.325597 	1243.300583 	665.468085 	
971.813996 	2499.900000 	1935.696867 	2241.883908 	
153.589882 	143.263157 	1140.425739 	0.100000 	
1127.734819 	734.102167 	1999.294842 	1258.091281 	
1140.181245 	1175.048118 	2153.246996 	1263.813252 	
816.101898 	1179.618594 	1522.619624 	1911.065221 	
64.593552 	86.593916 	1066.043126 	263.456055 	
589.993317 	286.333399 	1597.149951 	427.106199 	
935.596443 	1680.183469 	1948.621023 	1590.949693 	
417.035499 	720.204675 	1372.290486 	371.393299 	
1924.772207 	0.118855 	0.950000 	
1924.772207 	0.118855 	0.950000 	
1924.772207 	0.118855 	0.950000 	
1924.772207 	0.118855 	0.950000 	
1924.772207 	0.118855 	0.950000 	
1924.772207 	0.118855 	0.950000 	
1924.772207 	0.118855 	0.950000 	
1924.772207 	0.118855 	0.950000 	
1924.772207 	0.118855 	0.950000 	
1924.772207 	0.118855 	0.950000 	
1924.772207 	0.118855 	0.950000 	
1924.772207 	0.118855 	0.950000 	
1924.772207 	0.118855 	0.950000 	
1924.772207 	0.118855 	0.950000 	
1924.772207 	0.118855 	0.950000 	
1924.772207 	0.118855 	0.950000 	
1924.772207 	0.118855 	0.950000 	
1924.772207 	0.118855 	0.950000 	
1924.772207 	0.118855 	0.950000 	
1924.772207 	0.118855 	0.950000 	
1924.772207 	0.118855 	0.950000 	
1924.772207 	0.118855 	0.950000 	
1924.772207 	0.118855 	0.950000 	
1924.772207 	0.118855 	0.950000 	
1924.772207 	0.118855 	0.950000 	
1924.772207 	0.118855 	0.950000 	
