28
436.394199 	1908.872260 	1443.026639 	1929.401058 	
306.721062 	1216.780302 	1302.731939 	1069.496111 	
541.492689 	2184.651007 	1224.136280 	1444.564507 	
489.734300 	10.429897 	1356.221014 	523.197950 	
849.321770 	1178.752723 	1843.077869 	1016.953109 	
324.462409 	1307.057683 	1316.360554 	1479.882365 	
1578.385204 	2148.349603 	2499.900000 	2129.568810 	
1095.922271 	2190.562544 	2086.810917 	2369.084230 	
1319.466738 	922.082639 	2322.497964 	834.568869 	
130.393989 	1063.604731 	1101.627528 	798.207453 	
46.434627 	121.870648 	1017.108764 	389.306662 	
0.100000 	1376.192861 	787.776796 	1911.773092 	
1043.573957 	785.834711 	1929.920002 	308.214581 	
1034.067410 	1855.011144 	1825.698148 	2477.145435 	
628.768612 	643.561767 	1371.375541 	1323.462679 	
0.100000 	989.437816 	777.240441 	1279.987139 	
101.688129 	265.924729 	1035.316596 	642.844066 	
791.035955 	342.282997 	1736.055562 	0.100000 	
1341.879942 	1817.644483 	2306.808295 	2105.122438 	
1276.664511 	1927.109730 	2271.485850 	2082.225184 	
1680.256775 	911.071445 	2499.900000 	1406.023329 	
1383.811923 	1918.932776 	2296.907910 	2343.180369 	
655.116957 	1568.012493 	1661.928605 	1560.227475 	
448.653397 	336.373400 	1428.941338 	566.081594 	
32.555833 	0.100000 	998.883380 	216.545050 	
897.869226 	492.342181 	1847.065779 	156.550275 	
185.847887 	635.311336 	1144.613103 	942.719146 	
0.100000 	1857.820477 	988.599138 	1799.852413 	
2186.447151 	0.159900 	0.950000 	
2186.447151 	0.159900 	0.950000 	
2186.447151 	0.159900 	0.950000 	
2186.447151 	0.159900 	0.950000 	
2186.447151 	0.159900 	0.950000 	
2186.447151 	0.159900 	0.950000 	
2186.447151 	0.159900 	0.950000 	
2186.447151 	0.159900 	0.950000 	
2186.447151 	0.159900 	0.950000 	
2186.447151 	0.159900 	0.950000 	
2186.447151 	0.159900 	0.950000 	
2186.447151 	0.159900 	0.950000 	
2186.447151 	0.159900 	0.950000 	
2186.447151 	0.159900 	0.950000 	
2186.447151 	0.159900 	0.950000 	
2186.447151 	0.159900 	0.950000 	
2186.447151 	0.159900 	0.950000 	
2186.447151 	0.159900 	0.950000 	
2186.447151 	0.159900 	0.950000 	
2186.447151 	0.159900 	0.950000 	
2186.447151 	0.159900 	0.950000 	
2186.447151 	0.159900 	0.950000 	
2186.447151 	0.159900 	0.950000 	
2186.447151 	0.159900 	0.950000 	
2186.447151 	0.159900 	0.950000 	
2186.447151 	0.159900 	0.950000 	
2186.447151 	0.159900 	0.950000 	
2186.447151 	0.159900 	0.950000 	
