29
0.100000 	2080.398544 	772.496164 	2467.614115 	
1371.766818 	2100.406557 	2240.306658 	1789.305749 	
671.531926 	2055.054439 	1535.157617 	1730.561244 	
378.084328 	1175.169623 	1241.763197 	850.817995 	
496.206507 	1565.793333 	1337.825540 	1943.712068 	
523.247055 	1438.222044 	1444.512753 	1389.082642 	
1385.313554 	1541.990167 	2293.856087 	1381.691593 	
0.100000 	847.341384 	788.427052 	877.231613 	
1279.685935 	1578.087480 	2126.991407 	1943.078717 	
1534.978934 	430.922950 	2455.758904 	373.395445 	
363.740030 	0.100000 	1279.519100 	59.672805 	
1280.314811 	1768.980105 	1847.082226 	1041.024156 	
268.246631 	1485.760817 	1159.299870 	1246.659808 	
1072.494646 	1564.678508 	1915.321120 	1189.460301 	
0.100000 	1850.911386 	847.080977 	1621.772418 	
1742.721179 	2454.713035 	2499.900000 	2182.757425 	
1014.975069 	2436.639388 	1924.904757 	2284.412156 	
564.702385 	2346.609854 	1470.158334 	2169.706793 	
0.100000 	1392.437431 	757.124734 	1628.094001 	
1575.273396 	2068.953500 	2354.988951 	2499.900000 	
1077.101616 	553.895526 	1837.071125 	30.835766 	
1589.427747 	558.967856 	2301.933873 	1145.039683 	
855.269580 	0.100000 	1663.195408 	314.537258 	
0.100000 	1328.965384 	726.797462 	1362.883868 	
1712.849235 	1574.858723 	2463.443475 	2111.285283 	
612.251517 	408.782628 	1530.567666 	497.329885 	
1289.974819 	1245.527904 	2139.488172 	885.705404 	
135.431735 	47.728960 	968.989380 	443.110825 	
1585.380833 	403.496856 	2175.552274 	1112.610978 	
1799.708543 	0.172767 	0.950000 	
1799.708543 	0.172767 	0.950000 	
1799.708543 	0.172767 	0.950000 	
1799.708543 	0.172767 	0.950000 	
1799.708543 	0.172767 	0.950000 	
1799.708543 	0.172767 	0.950000 	
1799.708543 	0.172767 	0.950000 	
1799.708543 	0.172767 	0.950000 	
1799.708543 	0.172767 	0.950000 	
1799.708543 	0.172767 	0.950000 	
1799.708543 	0.172767 	0.950000 	
1799.708543 	0.172767 	0.950000 	
1799.708543 	0.172767 	0.950000 	
1799.708543 	0.172767 	0.950000 	
1799.708543 	0.172767 	0.950000 	
1799.708543 	0.172767 	0.950000 	
1799.708543 	0.172767 	0.950000 	
1799.708543 	0.172767 	0.950000 	
1799.708543 	0.172767 	0.950000 	
1799.708543 	0.172767 	0.950000 	
1799.708543 	0.172767 	0.950000 	
1799.708543 	0.172767 	0.950000 	
1799.708543 	0.172767 	0.950000 	
1799.708543 	0.172767 	0.950000 	
1799.708543 	0.172767 	0.950000 	
1799.708543 	0.172767 	0.950000 	
1799.708543 	0.172767 	0.950000 	
1799.708543 	0.172767 	0.950000 	
1799.708543 	0.172767 	0.950000 	
