25
626.189128 	1848.855987 	1558.906595 	1975.308439 	
606.477463 	2073.076291 	1435.521201 	2499.900000 	
595.767804 	1510.844686 	1426.887313 	1952.650592 	
352.292013 	2499.900000 	1270.621439 	2323.333723 	
141.195710 	272.113114 	1078.453827 	358.711719 	
118.185733 	1347.340223 	890.950366 	1884.729204 	
0.100000 	936.286478 	750.994137 	997.963299 	
1285.586805 	1400.039879 	2226.765073 	1411.683074 	
860.466751 	247.013414 	1659.354000 	744.739502 	
1252.176785 	823.306048 	2136.264174 	1146.325528 	
1317.156584 	970.697486 	2227.246636 	730.513817 	
317.273141 	890.492501 	1258.522377 	891.896348 	
211.730639 	1133.662980 	1062.757292 	731.536468 	
0.100000 	334.300057 	846.680093 	242.521099 	
659.127195 	1090.363620 	1542.370075 	1415.685171 	
1242.604784 	2270.317206 	2065.983172 	1814.246897 	
1771.384627 	674.983135 	2499.900000 	1042.551836 	
887.888031 	1317.086050 	1818.442897 	1175.594934 	
0.100000 	422.348782 	790.698070 	167.771131 	
963.109891 	1572.648801 	1865.485192 	1304.934565 	
491.348448 	1637.958421 	1122.154492 	939.362807 	
864.085681 	905.606766 	1804.691315 	870.776635 	
713.362752 	2364.097589 	1559.920821 	1952.647067 	
112.449910 	1148.365522 	856.371811 	571.709384 	
539.258203 	1143.125572 	1480.506680 	1141.281335 	
1920.146212 	0.152484 	0.950000 	
1920.146212 	0.152484 	0.950000 	
1920.146212 	0.152484 	0.950000 	
1920.146212 	0.152484 	0.950000 	
1920.146212 	0.152484 	0.950000 	
1920.146212 	0.152484 	0.950000 	
1920.146212 	0.152484 	0.950000 	
1920.146212 	0.152484 	0.950000 	
1920.146212 	0.152484 	0.950000 	
1920.146212 	0.152484 	0.950000 	
1920.146212 	0.152484 	0.950000 	
1920.146212 	0.152484 	0.950000 	
1920.146212 	0.152484 	0.950000 	
1920.146212 	0.152484 	0.950000 	
1920.146212 	0.152484 	0.950000 	
1920.146212 	0.152484 	0.950000 	
1920.146212 	0.152484 	0.950000 	
1920.146212 	0.152484 	0.950000 	
1920.146212 	0.152484 	0.950000 	
1920.146212 	0.152484 	0.950000 	
1920.146212 	0.152484 	0.950000 	
1920.146212 	0.152484 	0.950000 	
1920.146212 	0.152484 	0.950000 	
1920.146212 	0.152484 	0.950000 	
1920.146212 	0.152484 	0.950000 	
