27
1097.792820 	1690.663281 	2145.400796 	1245.561064 	
1428.254740 	503.460566 	2499.900000 	270.547090 	
863.476947 	958.399481 	1958.561735 	1268.863269 	
997.983153 	1607.976541 	2006.435972 	1080.130573 	
0.100000 	927.165087 	993.930841 	1382.335488 	
113.397008 	2009.029462 	1241.379885 	2161.519082 	
0.100000 	2364.119642 	877.667559 	2499.900000 	
569.977794 	2433.938253 	1708.201922 	2427.283113 	
377.144166 	2082.090677 	1429.179447 	1647.556186 	
364.097214 	834.328361 	1285.079711 	165.456404 	
674.814247 	56.564208 	1810.993710 	125.081972 	
66.610146 	313.683969 	1160.210632 	629.336360 	
1571.322474 	1284.186689 	2499.900000 	1603.550054 	
1561.565649 	1589.907871 	2499.900000 	1551.453842 	
978.902347 	568.772215 	1886.949983 	1255.101542 	
0.100000 	1550.078868 	819.237346 	1632.711180 	
1494.002697 	2317.922851 	2499.900000 	2138.544440 	
1047.149886 	610.285591 	2184.421880 	657.305447 	
0.100000 	852.225158 	950.254851 	579.571531 	
1694.264184 	161.749320 	2499.900000 	465.346561 	
412.870174 	994.780443 	1344.957692 	1648.088421 	
1346.133167 	1825.872713 	2390.746184 	2277.959097 	
606.481948 	694.041621 	1739.320476 	804.835680 	
934.507338 	2259.058431 	1914.058530 	1679.336156 	
653.764720 	1233.345645 	1756.617333 	951.717221 	
792.899144 	1286.647080 	1916.915385 	1466.051500 	
31.768752 	2482.403207 	1169.497404 	2448.169162 	
2132.171216 	0.121326 	0.950000 	
2132.171216 	0.121326 	0.950000 	
2132.171216 	0.121326 	0.950000 	
2132.171216 	0.121326 	0.950000 	
2132.171216 	0.121326 	0.950000 	
2132.171216 	0.121326 	0.950000 	
2132.171216 	0.121326 	0.950000 	
2132.171216 	0.121326 	0.950000 	
2132.171216 	0.121326 	0.950000 	
2132.171216 	0.121326 	0.950000 	
2132.171216 	0.121326 	0.950000 	
2132.171216 	0.121326 	0.950000 	
2132.171216 	0.121326 	0.950000 	
2132.171216 	0.121326 	0.950000 	
2132.171216 	0.121326 	0.950000 	
2132.171216 	0.121326 	0.950000 	
2132.171216 	0.121326 	0.950000 	
2132.171216 	0.121326 	0.950000 	
2132.171216 	0.121326 	0.950000 	
2132.171216 	0.121326 	0.950000 	
2132.171216 	0.121326 	0.950000 	
2132.171216 	0.121326 	0.950000 	
2132.171216 	0.121326 	0.950000 	
2132.171216 	0.121326 	0.950000 	
2132.171216 	0.121326 	0.950000 	
2132.171216 	0.121326 	0.950000 	
2132.171216 	0.121326 	0.950000 	
