23
1258.815244 	966.475812 	1996.918210 	269.523472 	
1645.065435 	32.272424 	2499.900000 	238.671783 	
1645.911892 	1888.901357 	2348.233934 	1155.905925 	
0.100000 	1996.765865 	981.283112 	1889.396281 	
454.519037 	1332.374498 	1463.758328 	1222.945948 	
253.995430 	0.100000 	1213.751892 	234.758176 	
1135.128063 	2499.900000 	1606.205176 	2026.345336 	
1000.508630 	1073.293031 	1950.399800 	1431.406588 	
354.556866 	932.778384 	1348.679496 	727.209051 	
1402.745417 	681.504670 	2289.821440 	187.911029 	
1333.709004 	1565.828718 	2348.857503 	1562.353256 	
1306.736984 	1391.389105 	2317.632080 	1484.285059 	
451.645831 	1961.625809 	1452.747899 	1793.301114 	
0.100000 	660.708263 	783.982520 	106.885736 	
1215.737036 	660.393243 	2119.081432 	1123.542740 	
1729.803061 	320.581102 	2499.900000 	399.172899 	
86.806393 	2265.614634 	1063.099548 	1987.423642 	
26.368490 	611.337072 	927.896865 	1078.011630 	
1573.440766 	615.058276 	2499.900000 	760.924188 	
767.327171 	257.371036 	1659.300750 	0.100000 	
1461.055422 	1882.212592 	2446.168386 	2127.347252 	
1483.275060 	1572.476282 	2256.380153 	914.565141 	
159.111362 	1549.448754 	1087.926815 	1139.765453 	
2082.252814 	0.151410 	0.950000 	
2082.252814 	0.151410 	0.950000 	
2082.252814 	0.151410 	0.950000 	
2082.252814 	0.151410 	0.950000 	
2082.252814 	0.151410 	0.950000 	
2082.252814 	0.151410 	0.950000 	
2082.252814 	0.151410 	0.950000 	
2082.252814 	0.151410 	0.950000 	
2082.252814 	0.151410 	0.950000 	
2082.252814 	0.151410 	0.950000 	
2082.252814 	0.151410 	0.950000 	
2082.252814 	0.151410 	0.950000 	
2082.252814 	0.151410 	0.950000 	
2082.252814 	0.151410 	0.950000 	
2082.252814 	0.151410 	0.950000 	
2082.252814 	0.151410 	0.950000 	
2082.252814 	0.151410 	0.950000 	
2082.252814 	0.151410 	0.950000 	
2082.252814 	0.151410 	0.950000 	
2082.252814 	0.151410 	0.950000 	
2082.252814 	0.151410 	0.950000 	
2082.252814 	0.151410 	0.950000 	
2082.252814 	0.151410 	0.950000 	
