28
1046.740314 	1339.519019 	2053.731788 	1454.583734 	
1745.051530 	235.692447 	2499.900000 	683.522276 	
0.100000 	1421.898876 	876.781464 	1067.845199 	
919.526120 	1246.808608 	1928.550548 	1342.419393 	
587.624741 	2499.900000 	1567.921250 	2356.872846 	
423.702249 	1893.870277 	1312.843457 	2380.388139 	
282.721249 	2499.900000 	1272.614917 	2297.172533 	
1261.058980 	1714.744251 	2274.006081 	1679.960793 	
1738.379840 	1077.757788 	2499.900000 	939.749156 	
154.488064 	2144.625038 	1091.797713 	2499.900000 	
1312.674133 	1113.850427 	2311.906941 	1283.572301 	
173.718991 	774.181545 	1109.472933 	384.776513 	
1743.507190 	1115.344729 	2499.900000 	866.106513 	
1389.883192 	1964.999516 	2319.163087 	1560.387859 	
601.641655 	1296.417588 	1595.265184 	1496.377584 	
1205.255410 	1825.701941 	2210.200062 	1957.451564 	
840.901818 	2499.900000 	1652.512512 	2185.157016 	
1496.771760 	2499.900000 	2239.189309 	2061.082895 	
456.309570 	1345.707132 	1469.726164 	1329.628394 	
0.100000 	2272.654554 	884.383618 	2499.900000 	
926.323858 	255.496076 	1937.641963 	322.633320 	
1653.914435 	417.373181 	2486.836888 	0.100000 	
221.980533 	1050.932726 	1053.083212 	470.812002 	
637.058522 	1281.238468 	1592.412644 	1619.720697 	
1242.372956 	1356.325941 	2254.265960 	1298.496320 	
0.100000 	2329.591382 	829.322852 	2176.449081 	
1702.078000 	1100.947909 	2499.900000 	1601.804217 	
1295.160793 	1235.883344 	2259.532502 	924.019710 	
2083.561286 	0.166398 	0.950000 	
2083.561286 	0.166398 	0.950000 	
2083.561286 	0.166398 	0.950000 	
2083.561286 	0.166398 	0.950000 	
2083.561286 	0.166398 	0.950000 	
2083.561286 	0.166398 	0.950000 	
2083.561286 	0.166398 	0.950000 	
2083.561286 	0.166398 	0.950000 	
2083.561286 	0.166398 	0.950000 	
2083.561286 	0.166398 	0.950000 	
2083.561286 	0.166398 	0.950000 	
2083.561286 	0.166398 	0.950000 	
2083.561286 	0.166398 	0.950000 	
2083.561286 	0.166398 	0.950000 	
2083.561286 	0.166398 	0.950000 	
2083.561286 	0.166398 	0.950000 	
2083.561286 	0.166398 	0.950000 	
2083.561286 	0.166398 	0.950000 	
2083.561286 	0.166398 	0.950000 	
2083.561286 	0.166398 	0.950000 	
2083.561286 	0.166398 	0.950000 	
2083.561286 	0.166398 	0.950000 	
2083.561286 	0.166398 	0.950000 	
2083.561286 	0.166398 	0.950000 	
2083.561286 	0.166398 	0.950000 	
2083.561286 	0.166398 	0.950000 	
2083.561286 	0.166398 	0.950000 	
2083.561286 	0.166398 	0.950000 	
