26
114.823226 	1200.168662 	1046.559841 	683.277302 	
1376.197622 	1344.120599 	2428.598494 	1177.500665 	
1053.139945 	1749.010705 	2069.632459 	2068.467691 	
844.702241 	0.100000 	1841.108095 	310.923031 	
314.933289 	1511.135045 	1190.383845 	2118.503238 	
0.100000 	1959.043315 	821.744786 	1547.596978 	
213.862498 	971.355577 	1219.639152 	1323.098552 	
443.811974 	1387.868025 	1500.639771 	1523.606019 	
1047.303200 	596.135877 	1986.516940 	1099.313130 	
1691.431444 	380.561024 	2499.900000 	472.566044 	
158.625055 	830.332516 	1170.001530 	1165.634503 	
1283.861219 	2068.937114 	2244.474548 	2499.900000 	
1496.849565 	650.873791 	2499.900000 	479.353395 	
670.413860 	998.451024 	1718.505578 	806.582457 	
106.000490 	1077.005626 	1029.653615 	545.804438 	
1339.401464 	227.257791 	2404.281678 	190.652778 	
675.442460 	1207.541428 	1730.588551 	1355.786240 	
0.100000 	2235.438341 	992.804260 	1928.885783 	
1468.899759 	2246.466056 	2499.900000 	2276.601437 	
992.827618 	1883.310528 	2047.917900 	1734.669033 	
0.100000 	1047.372794 	969.680260 	867.606328 	
1558.879464 	584.530928 	2499.900000 	905.554352 	
0.100000 	1561.404132 	825.645975 	1897.154047 	
0.100000 	1968.962595 	808.999155 	2433.322039 	
1742.009446 	2499.900000 	2499.900000 	2091.189282 	
1090.369588 	231.596823 	2154.356806 	174.667054 	
1741.307790 	0.188535 	0.950000 	
1741.307790 	0.188535 	0.950000 	
1741.307790 	0.188535 	0.950000 	
1741.307790 	0.188535 	0.950000 	
1741.307790 	0.188535 	0.950000 	
1741.307790 	0.188535 	0.950000 	
1741.307790 	0.188535 	0.950000 	
1741.307790 	0.188535 	0.950000 	
1741.307790 	0.188535 	0.950000 	
1741.307790 	0.188535 	0.950000 	
1741.307790 	0.188535 	0.950000 	
1741.307790 	0.188535 	0.950000 	
1741.307790 	0.188535 	0.950000 	
1741.307790 	0.188535 	0.950000 	
1741.307790 	0.188535 	0.950000 	
1741.307790 	0.188535 	0.950000 	
1741.307790 	0.188535 	0.950000 	
1741.307790 	0.188535 	0.950000 	
1741.307790 	0.188535 	0.950000 	
1741.307790 	0.188535 	0.950000 	
1741.307790 	0.188535 	0.950000 	
1741.307790 	0.188535 	0.950000 	
1741.307790 	0.188535 	0.950000 	
1741.307790 	0.188535 	0.950000 	
1741.307790 	0.188535 	0.950000 	
1741.307790 	0.188535 	0.950000 	
