21
57.538821 	2172.724580 	972.359683 	1642.209501 	
141.708568 	906.172990 	1195.837626 	990.762524 	
169.154193 	1572.448499 	1187.576673 	1857.332880 	
1544.401987 	1637.164744 	2499.900000 	1857.198622 	
276.786207 	1476.023958 	1334.303798 	1475.967217 	
0.100000 	2499.900000 	957.042795 	2276.366896 	
1395.158764 	2273.955504 	2236.127343 	1632.772762 	
1097.268997 	1550.185014 	2072.814781 	1141.952381 	
962.243826 	363.067787 	1988.446369 	107.623468 	
412.431166 	2276.661646 	1462.738519 	2153.381780 	
1104.326855 	593.333809 	2157.028711 	694.141859 	
190.344373 	1112.990826 	1243.891508 	1204.543504 	
364.378079 	659.955963 	1367.739628 	994.035387 	
440.561225 	1821.451206 	1488.641595 	1962.415732 	
232.669568 	2283.586121 	1134.122162 	1730.660556 	
1100.213255 	1848.985484 	2108.906762 	2166.602970 	
1240.455348 	2409.931956 	2203.603507 	1973.252346 	
0.100000 	318.328385 	789.322317 	119.041953 	
455.796089 	1823.136380 	1467.861168 	1516.431744 	
216.649405 	1128.971170 	1243.168927 	1383.138692 	
1700.315759 	1178.964619 	2499.900000 	498.845584 	
1847.053510 	0.132211 	0.950000 	
1847.053510 	0.132211 	0.950000 	
1847.053510 	0.132211 	0.950000 	
1847.053510 	0.132211 	0.950000 	
1847.053510 	0.132211 	0.950000 	
1847.053510 	0.132211 	0.950000 	
1847.053510 	0.132211 	0.950000 	
1847.053510 	0.132211 	0.950000 	
1847.053510 	0.132211 	0.950000 	
1847.053510 	0.132211 	0.950000 	
1847.053510 	0.132211 	0.950000 	
1847.053510 	0.132211 	0.950000 	
1847.053510 	0.132211 	0.950000 	
1847.053510 	0.132211 	0.950000 	
1847.053510 	0.132211 	0.950000 	
1847.053510 	0.132211 	0.950000 	
1847.053510 	0.132211 	0.950000 	
1847.053510 	0.132211 	0.950000 	
1847.053510 	0.132211 	0.950000 	
1847.053510 	0.132211 	0.950000 	
1847.053510 	0.132211 	0.950000 	
