23
1062.674747 	925.295876 	1866.354797 	1274.319735 	
0.100000 	1360.972451 	805.669619 	1646.740517 	
1669.715675 	1885.371243 	2499.900000 	1715.940565 	
1097.504978 	1732.487807 	1970.812687 	1661.403902 	
21.721050 	558.684082 	896.277622 	505.110968 	
1214.911717 	251.345799 	2085.988578 	156.771076 	
790.157562 	1044.949360 	1293.059753 	327.447679 	
0.100000 	2241.968318 	851.753510 	2095.623615 	
244.082439 	1345.352155 	1113.833031 	1451.433182 	
497.321030 	801.998350 	997.874560 	1521.140505 	
335.508450 	1313.774476 	1071.104100 	837.730028 	
1231.484375 	2043.172227 	2080.533189 	1826.757373 	
1325.217000 	1700.865079 	2191.393341 	1568.737027 	
936.127557 	1802.759036 	1753.018978 	1485.887322 	
934.114788 	517.120848 	1779.818892 	287.983675 	
1192.286163 	1381.372574 	1830.005004 	780.511561 	
1783.242779 	1282.049334 	2499.900000 	1243.381088 	
1089.508966 	1026.920279 	1947.603846 	849.741126 	
1022.445840 	1109.567380 	1879.376610 	1292.293761 	
1630.387281 	846.177852 	2499.900000 	865.929162 	
991.391446 	1764.809136 	1791.955089 	2120.923065 	
568.519824 	699.474511 	1273.159861 	1220.244801 	
1726.681843 	1757.935277 	2499.900000 	1799.846858 	
2048.825116 	0.177965 	0.950000 	
2048.825116 	0.177965 	0.950000 	
2048.825116 	0.177965 	0.950000 	
2048.825116 	0.177965 	0.950000 	
2048.825116 	0.177965 	0.950000 	
2048.825116 	0.177965 	0.950000 	
2048.825116 	0.177965 	0.950000 	
2048.825116 	0.177965 	0.950000 	
2048.825116 	0.177965 	0.950000 	
2048.825116 	0.177965 	0.950000 	
2048.825116 	0.177965 	0.950000 	
2048.825116 	0.177965 	0.950000 	
2048.825116 	0.177965 	0.950000 	
2048.825116 	0.177965 	0.950000 	
2048.825116 	0.177965 	0.950000 	
2048.825116 	0.177965 	0.950000 	
2048.825116 	0.177965 	0.950000 	
2048.825116 	0.177965 	0.950000 	
2048.825116 	0.177965 	0.950000 	
2048.825116 	0.177965 	0.950000 	
2048.825116 	0.177965 	0.950000 	
2048.825116 	0.177965 	0.950000 	
2048.825116 	0.177965 	0.950000 	
