26
1579.043977 	442.648284 	2201.450520 	1111.769803 	
546.644348 	1789.526868 	1321.714284 	2273.655060 	
1569.381546 	1115.152093 	2418.627036 	1452.636332 	
344.278130 	2282.844651 	1227.839823 	2049.537454 	
1383.999833 	2264.127043 	2217.727236 	2499.900000 	
1012.887976 	852.279684 	1923.948002 	780.983524 	
0.100000 	600.736736 	739.926723 	497.347635 	
1206.558562 	1198.358642 	2099.487227 	1392.760063 	
0.100000 	1089.209999 	689.003573 	675.819256 	
1349.953173 	2499.900000 	1885.619319 	1778.498557 	
1554.892641 	723.929788 	2456.713902 	576.173485 	
681.519749 	2257.877636 	1545.704521 	1960.727519 	
1081.179908 	1306.734071 	1944.191752 	1607.273701 	
967.585195 	1845.540420 	1876.577776 	1751.487248 	
318.991262 	614.038840 	1090.653702 	1103.580045 	
1372.054939 	116.682712 	2266.563782 	0.100000 	
382.100066 	369.866518 	1268.445118 	592.365871 	
1650.274353 	1181.022954 	2499.900000 	1355.915961 	
395.434374 	0.100000 	1298.466179 	130.688602 	
898.386507 	1544.856017 	1746.826238 	1205.351178 	
460.499710 	679.668058 	1374.090223 	701.252449 	
268.229561 	1763.305933 	1180.946288 	1717.900113 	
895.241865 	2306.059975 	1785.715041 	2100.704098 	
11.725803 	116.331248 	919.016689 	7.075763 	
75.591844 	939.212599 	973.029419 	766.819701 	
0.100000 	1109.052471 	892.389827 	997.975917 	
1755.995358 	0.137090 	0.950000 	
1755.995358 	0.137090 	0.950000 	
1755.995358 	0.137090 	0.950000 	
1755.995358 	0.137090 	0.950000 	
1755.995358 	0.137090 	0.950000 	
1755.995358 	0.137090 	0.950000 	
1755.995358 	0.137090 	0.950000 	
1755.995358 	0.137090 	0.950000 	
1755.995358 	0.137090 	0.950000 	
1755.995358 	0.137090 	0.950000 	
1755.995358 	0.137090 	0.950000 	
1755.995358 	0.137090 	0.950000 	
1755.995358 	0.137090 	0.950000 	
1755.995358 	0.137090 	0.950000 	
1755.995358 	0.137090 	0.950000 	
1755.995358 	0.137090 	0.950000 	
1755.995358 	0.137090 	0.950000 	
1755.995358 	0.137090 	0.950000 	
1755.995358 	0.137090 	0.950000 	
1755.995358 	0.137090 	0.950000 	
1755.995358 	0.137090 	0.950000 	
1755.995358 	0.137090 	0.950000 	
1755.995358 	0.137090 	0.950000 	
1755.995358 	0.137090 	0.950000 	
1755.995358 	0.137090 	0.950000 	
1755.995358 	0.137090 	0.950000 	
