24
1478.817819 	2043.097597 	2243.139879 	2499.900000 	
1058.731087 	2045.332632 	1748.154975 	1199.624831 	
266.354963 	1581.912960 	965.334914 	2419.739917 	
189.094012 	1062.386419 	1270.634031 	1206.602125 	
1519.000493 	872.191343 	2499.900000 	1289.766176 	
0.100000 	2394.972703 	740.493400 	1731.596274 	
698.825839 	333.955169 	1760.779715 	83.393905 	
43.547213 	392.381524 	1128.161369 	273.473514 	
1669.304372 	343.324494 	2499.900000 	523.618572 	
1243.031304 	1310.058523 	2107.746583 	644.630489 	
714.717245 	1977.983351 	1787.169252 	2178.915364 	
707.338202 	2258.537605 	1677.015296 	1758.284353 	
0.100000 	136.999023 	914.609813 	165.356873 	
1086.191630 	859.907731 	2141.695986 	1136.381123 	
0.100000 	1247.312902 	875.925114 	1387.066250 	
0.100000 	816.980302 	889.880345 	1267.017037 	
789.770998 	1432.172093 	1796.828372 	1852.127362 	
0.100000 	1707.869945 	971.290758 	1431.996851 	
1343.518005 	674.982105 	2429.076211 	784.938295 	
1376.626185 	1276.844995 	2393.562183 	881.410857 	
1221.181695 	309.351208 	2168.576674 	0.100000 	
39.759816 	2266.352050 	1059.701954 	2499.900000 	
1023.654143 	417.910345 	2114.766869 	417.931704 	
741.760391 	277.305750 	1832.619379 	253.775975 	
2118.916739 	0.157004 	0.950000 	
2118.916739 	0.157004 	0.950000 	
2118.916739 	0.157004 	0.950000 	
2118.916739 	0.157004 	0.950000 	
2118.916739 	0.157004 	0.950000 	
2118.916739 	0.157004 	0.950000 	
2118.916739 	0.157004 	0.950000 	
2118.916739 	0.157004 	0.950000 	
2118.916739 	0.157004 	0.950000 	
2118.916739 	0.157004 	0.950000 	
2118.916739 	0.157004 	0.950000 	
2118.916739 	0.157004 	0.950000 	
2118.916739 	0.157004 	0.950000 	
2118.916739 	0.157004 	0.950000 	
2118.916739 	0.157004 	0.950000 	
2118.916739 	0.157004 	0.950000 	
2118.916739 	0.157004 	0.950000 	
2118.916739 	0.157004 	0.950000 	
2118.916739 	0.157004 	0.950000 	
2118.916739 	0.157004 	0.950000 	
2118.916739 	0.157004 	0.950000 	
2118.916739 	0.157004 	0.950000 	
2118.916739 	0.157004 	0.950000 	
2118.916739 	0.157004 	0.950000 	
