26
0.100000 	162.943467 	920.204495 	0.100000 	
743.301532 	489.368105 	1792.276785 	619.162634 	
0.100000 	376.073065 	921.746094 	0.100000 	
601.268919 	1698.929395 	1650.167596 	1829.341299 	
482.235614 	2499.900000 	1265.650311 	1835.061874 	
480.812398 	726.169581 	1535.791104 	661.241705 	
1746.109876 	1547.078388 	2499.900000 	1916.942197 	
1461.348194 	317.552219 	2499.900000 	377.515433 	
1694.331280 	662.217087 	2499.900000 	1211.627948 	
232.809175 	2142.918167 	1284.410193 	2036.471000 	
0.100000 	1699.214327 	873.942827 	1779.527320 	
1393.400094 	1830.041078 	2433.954686 	1644.455951 	
1101.929887 	2189.317975 	2152.972426 	2077.490965 	
932.840639 	595.010023 	1951.246928 	877.931090 	
157.081416 	1547.425704 	1201.877747 	1707.414221 	
884.159383 	1044.976529 	1756.517749 	448.162838 	
0.100000 	2380.548262 	889.662069 	2342.839183 	
594.171213 	1846.852910 	1630.026008 	2057.092161 	
112.880360 	2164.314795 	1150.072573 	1960.776071 	
418.538242 	2045.687615 	1392.563597 	1635.236271 	
1598.750212 	1939.133246 	2499.900000 	2029.229576 	
1436.274764 	868.782355 	2453.193279 	1157.005246 	
275.162525 	125.609779 	1252.772034 	527.449731 	
707.215341 	0.100000 	1301.606796 	835.896302 	
1238.015358 	1818.349433 	2196.041981 	2264.870082 	
1295.380939 	0.100000 	2333.515609 	175.723269 	
2163.787414 	0.162172 	0.950000 	
2163.787414 	0.162172 	0.950000 	
2163.787414 	0.162172 	0.950000 	
2163.787414 	0.162172 	0.950000 	
2163.787414 	0.162172 	0.950000 	
2163.787414 	0.162172 	0.950000 	
2163.787414 	0.162172 	0.950000 	
2163.787414 	0.162172 	0.950000 	
2163.787414 	0.162172 	0.950000 	
2163.787414 	0.162172 	0.950000 	
2163.787414 	0.162172 	0.950000 	
2163.787414 	0.162172 	0.950000 	
2163.787414 	0.162172 	0.950000 	
2163.787414 	0.162172 	0.950000 	
2163.787414 	0.162172 	0.950000 	
2163.787414 	0.162172 	0.950000 	
2163.787414 	0.162172 	0.950000 	
2163.787414 	0.162172 	0.950000 	
2163.787414 	0.162172 	0.950000 	
2163.787414 	0.162172 	0.950000 	
2163.787414 	0.162172 	0.950000 	
2163.787414 	0.162172 	0.950000 	
2163.787414 	0.162172 	0.950000 	
2163.787414 	0.162172 	0.950000 	
2163.787414 	0.162172 	0.950000 	
2163.787414 	0.162172 	0.950000 	
