28
1435.416637 	1536.352644 	2236.677426 	1968.636305 	
1468.152168 	464.591017 	2294.073311 	81.521466 	
1299.141075 	5.556725 	2209.309540 	27.497105 	
1425.431469 	1281.717534 	2231.592297 	1704.792865 	
807.708341 	1551.237885 	1697.361471 	1744.642448 	
972.225780 	1212.169811 	1748.501911 	1687.862342 	
1107.245292 	2065.593198 	1915.753662 	2484.164853 	
170.346803 	1227.731976 	721.609857 	1952.298785 	
506.561701 	1703.897164 	976.143027 	923.909092 	
1030.093767 	708.212560 	1932.806803 	589.902840 	
408.722567 	188.284079 	1311.117264 	67.570257 	
1398.022507 	2071.315570 	2169.847904 	1588.435076 	
338.744751 	503.257060 	1230.171619 	318.199894 	
0.100000 	459.762894 	715.057003 	942.222134 	
388.030515 	637.970096 	1298.216595 	659.167144 	
939.518934 	1200.066288 	1785.940966 	1535.413510 	
1823.573444 	1080.578597 	2499.900000 	1625.763740 	
1175.987178 	2022.060041 	2080.511667 	1918.505879 	
1236.422983 	2246.922979 	2135.102611 	2101.104797 	
972.388036 	2193.944848 	1763.728443 	1743.757803 	
864.188279 	2473.042152 	1769.228553 	2374.097127 	
1564.042793 	577.260260 	2438.853217 	325.080289 	
582.667531 	2365.649115 	1489.726840 	2287.345699 	
712.702434 	153.152899 	1619.565318 	72.606481 	
229.768438 	730.051168 	1103.212382 	473.178259 	
1354.552194 	219.942569 	2174.540458 	0.100000 	
893.165389 	1746.253114 	1793.602723 	1611.714558 	
509.567458 	2259.418518 	1419.985314 	2264.647632 	
2070.447875 	0.147117 	0.950000 	
2070.447875 	0.147117 	0.950000 	
2070.447875 	0.147117 	0.950000 	
2070.447875 	0.147117 	0.950000 	
2070.447875 	0.147117 	0.950000 	
2070.447875 	0.147117 	0.950000 	
2070.447875 	0.147117 	0.950000 	
2070.447875 	0.147117 	0.950000 	
2070.447875 	0.147117 	0.950000 	
2070.447875 	0.147117 	0.950000 	
2070.447875 	0.147117 	0.950000 	
2070.447875 	0.147117 	0.950000 	
2070.447875 	0.147117 	0.950000 	
2070.447875 	0.147117 	0.950000 	
2070.447875 	0.147117 	0.950000 	
2070.447875 	0.147117 	0.950000 	
2070.447875 	0.147117 	0.950000 	
2070.447875 	0.147117 	0.950000 	
2070.447875 	0.147117 	0.950000 	
2070.447875 	0.147117 	0.950000 	
2070.447875 	0.147117 	0.950000 	
2070.447875 	0.147117 	0.950000 	
2070.447875 	0.147117 	0.950000 	
2070.447875 	0.147117 	0.950000 	
2070.447875 	0.147117 	0.950000 	
2070.447875 	0.147117 	0.950000 	
2070.447875 	0.147117 	0.950000 	
2070.447875 	0.147117 	0.950000 	
