23
1684.238470 	245.459113 	2499.900000 	0.100000 	
213.350874 	38.844630 	1185.198048 	12.034665 	
1732.743181 	2493.584127 	2499.900000 	2343.650173 	
108.317363 	2275.628428 	1074.168982 	2164.559292 	
1653.493215 	39.257674 	2499.900000 	209.169162 	
1788.660150 	1366.516609 	2499.900000 	1984.518044 	
138.651099 	2499.900000 	1061.407815 	2288.480010 	
0.100000 	224.734387 	719.272455 	876.596224 	
300.986956 	184.471686 	1271.846842 	235.821314 	
872.960773 	1024.776658 	1811.078063 	769.548026 	
1329.989330 	1710.317559 	2270.756591 	1955.598346 	
977.163426 	1430.794545 	1937.874280 	1579.926565 	
407.034406 	1231.024846 	1357.350381 	1025.829202 	
631.197108 	2257.855508 	1602.213131 	2306.162718 	
1524.469905 	267.380755 	2346.646433 	0.100000 	
1241.974254 	1685.747632 	1762.556640 	864.650998 	
312.450898 	303.229635 	1277.741301 	419.074965 	
836.283687 	1462.230655 	1721.854000 	1061.018836 	
1555.718658 	1300.608291 	2497.883361 	1540.465280 	
126.044854 	1491.404793 	1071.138905 	1719.446320 	
1442.373233 	328.100975 	2337.900066 	706.568139 	
141.836138 	728.458209 	1082.931378 	972.477578 	
0.100000 	673.665253 	908.499877 	963.706044 	
2448.150305 	0.155356 	0.950000 	
2448.150305 	0.155356 	0.950000 	
2448.150305 	0.155356 	0.950000 	
2448.150305 	0.155356 	0.950000 	
2448.150305 	0.155356 	0.950000 	
2448.150305 	0.155356 	0.950000 	
2448.150305 	0.155356 	0.950000 	
2448.150305 	0.155356 	0.950000 	
2448.150305 	0.155356 	0.950000 	
2448.150305 	0.155356 	0.950000 	
2448.150305 	0.155356 	0.950000 	
2448.150305 	0.155356 	0.950000 	
2448.150305 	0.155356 	0.950000 	
2448.150305 	0.155356 	0.950000 	
2448.150305 	0.155356 	0.950000 	
2448.150305 	0.155356 	0.950000 	
2448.150305 	0.155356 	0.950000 	
2448.150305 	0.155356 	0.950000 	
2448.150305 	0.155356 	0.950000 	
2448.150305 	0.155356 	0.950000 	
2448.150305 	0.155356 	0.950000 	
2448.150305 	0.155356 	0.950000 	
2448.150305 	0.155356 	0.950000 	
