27
1642.700496 	1038.385538 	2463.744384 	253.064365 	
694.879647 	1358.636352 	1743.109268 	1796.879519 	
626.824544 	1818.066361 	1751.870817 	1659.594610 	
35.060862 	869.309935 	1136.251933 	1148.989456 	
0.100000 	576.084233 	976.231544 	391.325054 	
969.307967 	614.435139 	2063.337053 	920.935985 	
315.818410 	1848.229034 	1428.097259 	1616.543533 	
622.348594 	1669.214833 	1743.067545 	1482.582995 	
143.693844 	833.022162 	1200.583843 	416.097782 	
0.100000 	423.286973 	725.812591 	0.100000 	
1285.458123 	1231.807091 	2404.986937 	1425.450177 	
472.051612 	198.697604 	1500.138093 	682.309636 	
0.100000 	1267.234190 	847.110909 	1342.275997 	
1130.297022 	2321.678631 	2229.616843 	2034.732048 	
175.081301 	1779.976254 	1199.233748 	1288.087877 	
1100.176440 	890.026514 	2154.692638 	467.134094 	
308.899171 	1768.759901 	1175.129714 	2499.900000 	
214.608391 	369.468679 	1349.731027 	417.832019 	
0.100000 	881.377308 	1032.311950 	415.715883 	
423.892788 	1917.224249 	1452.948554 	1435.678154 	
1214.458947 	727.451867 	2303.100989 	402.335097 	
1462.338231 	2111.790243 	2499.900000 	2018.042405 	
1276.029138 	401.817982 	2065.716369 	1218.663430 	
174.987726 	1209.591012 	1310.912375 	1232.341867 	
650.912335 	2175.468653 	1654.645059 	1643.150114 	
1566.979878 	2002.853596 	2499.900000 	1685.523915 	
954.929094 	1803.623420 	2007.741226 	1376.506311 	
2407.099795 	0.181275 	0.950000 	
2407.099795 	0.181275 	0.950000 	
2407.099795 	0.181275 	0.950000 	
2407.099795 	0.181275 	0.950000 	
2407.099795 	0.181275 	0.950000 	
2407.099795 	0.181275 	0.950000 	
2407.099795 	0.181275 	0.950000 	
2407.099795 	0.181275 	0.950000 	
2407.099795 	0.181275 	0.950000 	
2407.099795 	0.181275 	0.950000 	
2407.099795 	0.181275 	0.950000 	
2407.099795 	0.181275 	0.950000 	
2407.099795 	0.181275 	0.950000 	
2407.099795 	0.181275 	0.950000 	
2407.099795 	0.181275 	0.950000 	
2407.099795 	0.181275 	0.950000 	
2407.099795 	0.181275 	0.950000 	
2407.099795 	0.181275 	0.950000 	
2407.099795 	0.181275 	0.950000 	
2407.099795 	0.181275 	0.950000 	
2407.099795 	0.181275 	0.950000 	
2407.099795 	0.181275 	0.950000 	
2407.099795 	0.181275 	0.950000 	
2407.099795 	0.181275 	0.950000 	
2407.099795 	0.181275 	0.950000 	
2407.099795 	0.181275 	0.950000 	
2407.099795 	0.181275 	0.950000 	
