28
387.930442 	2148.967450 	1434.757101 	1569.460911 	
1304.960136 	1206.343279 	2448.796382 	855.184449 	
1274.416403 	1035.641733 	2376.125978 	1502.449930 	
28.009588 	0.100000 	969.280330 	691.782820 	
0.555422 	736.022875 	1128.994769 	338.155408 	
490.613167 	629.381813 	1669.379919 	834.766393 	
1096.699485 	1406.286672 	2152.631709 	843.542485 	
986.988706 	447.898844 	2143.826914 	753.511739 	
1012.509489 	626.896284 	2207.400498 	689.421143 	
0.100000 	2460.891531 	820.248267 	1997.021328 	
0.100000 	1346.568889 	1093.571959 	1584.130255 	
1251.806522 	2061.667412 	2303.819003 	2499.900000 	
1336.713587 	1582.203354 	2499.900000 	1508.196032 	
1182.500917 	833.564857 	2305.293456 	420.030340 	
1597.519232 	510.639172 	2499.900000 	2.048092 	
1560.911476 	1646.245759 	2499.900000 	1085.573747 	
105.194649 	1013.383562 	1287.102512 	1199.844512 	
676.577226 	1649.265095 	1862.491526 	1808.265584 	
1255.318123 	2079.798705 	2395.642653 	1717.398586 	
722.677406 	823.980942 	1867.130251 	1173.124991 	
938.140120 	1661.636477 	2031.427660 	1175.430518 	
867.400673 	184.055438 	1865.562131 	843.864187 	
1310.691136 	2499.900000 	2113.276966 	1915.107128 	
0.100000 	1346.212598 	971.612895 	1217.820625 	
663.297370 	516.206033 	1807.848737 	865.026977 	
111.592150 	569.965023 	1308.104003 	575.732739 	
326.630358 	2370.793353 	1522.933970 	2393.848719 	
766.902589 	1842.229967 	1939.649839 	1604.874182 	
1907.932976 	0.163960 	0.950000 	
1907.932976 	0.163960 	0.950000 	
1907.932976 	0.163960 	0.950000 	
1907.932976 	0.163960 	0.950000 	
1907.932976 	0.163960 	0.950000 	
1907.932976 	0.163960 	0.950000 	
1907.932976 	0.163960 	0.950000 	
1907.932976 	0.163960 	0.950000 	
1907.932976 	0.163960 	0.950000 	
1907.932976 	0.163960 	0.950000 	
1907.932976 	0.163960 	0.950000 	
1907.932976 	0.163960 	0.950000 	
1907.932976 	0.163960 	0.950000 	
1907.932976 	0.163960 	0.950000 	
1907.932976 	0.163960 	0.950000 	
1907.932976 	0.163960 	0.950000 	
1907.932976 	0.163960 	0.950000 	
1907.932976 	0.163960 	0.950000 	
1907.932976 	0.163960 	0.950000 	
1907.932976 	0.163960 	0.950000 	
1907.932976 	0.163960 	0.950000 	
1907.932976 	0.163960 	0.950000 	
1907.932976 	0.163960 	0.950000 	
1907.932976 	0.163960 	0.950000 	
1907.932976 	0.163960 	0.950000 	
1907.932976 	0.163960 	0.950000 	
1907.932976 	0.163960 	0.950000 	
1907.932976 	0.163960 	0.950000 	
