24
1444.477995 	2480.624973 	2445.098841 	2166.856065 	
676.624553 	936.355982 	1701.918095 	1156.506289 	
475.462415 	1219.196492 	1505.812488 	1414.316279 	
0.100000 	1627.079306 	915.925910 	1827.638671 	
67.294832 	94.307667 	1112.533455 	178.978952 	
1088.194313 	712.620713 	2099.664137 	989.427144 	
916.001640 	1879.682273 	1944.515337 	2084.261305 	
1085.011570 	172.432844 	2086.141701 	0.100000 	
699.925545 	403.625099 	1601.113082 	0.100000 	
1318.034081 	591.283600 	2349.743136 	779.085173 	
638.465556 	858.236142 	1684.727048 	929.157904 	
1524.495072 	1851.252327 	2499.900000 	2054.031083 	
0.100000 	760.648062 	832.914872 	183.576862 	
1013.355917 	1147.926718 	2028.385095 	884.471270 	
1344.526344 	1693.775997 	2389.960534 	1775.997405 	
439.304135 	1809.482228 	1345.089162 	2337.920009 	
854.754668 	1603.074666 	1789.531971 	1127.801693 	
1458.523265 	2253.868147 	2499.900000 	2307.827722 	
796.044825 	2248.965075 	1840.819729 	2339.178180 	
1316.188037 	1487.665168 	2358.260500 	1605.044836 	
924.477450 	2440.283686 	1920.455243 	2112.074544 	
1515.421099 	2399.954229 	2499.900000 	2069.351489 	
624.136637 	975.294696 	1648.568611 	751.169431 	
0.100000 	2476.818455 	960.468210 	2499.900000 	
2413.648853 	0.118031 	0.950000 	
2413.648853 	0.118031 	0.950000 	
2413.648853 	0.118031 	0.950000 	
2413.648853 	0.118031 	0.950000 	
2413.648853 	0.118031 	0.950000 	
2413.648853 	0.118031 	0.950000 	
2413.648853 	0.118031 	0.950000 	
2413.648853 	0.118031 	0.950000 	
2413.648853 	0.118031 	0.950000 	
2413.648853 	0.118031 	0.950000 	
2413.648853 	0.118031 	0.950000 	
2413.648853 	0.118031 	0.950000 	
2413.648853 	0.118031 	0.950000 	
2413.648853 	0.118031 	0.950000 	
2413.648853 	0.118031 	0.950000 	
2413.648853 	0.118031 	0.950000 	
2413.648853 	0.118031 	0.950000 	
2413.648853 	0.118031 	0.950000 	
2413.648853 	0.118031 	0.950000 	
2413.648853 	0.118031 	0.950000 	
2413.648853 	0.118031 	0.950000 	
2413.648853 	0.118031 	0.950000 	
2413.648853 	0.118031 	0.950000 	
2413.648853 	0.118031 	0.950000 	
