29
1048.802000 	0.100000 	2226.694990 	230.482594 	
532.848162 	2175.273617 	1737.244428 	2179.187269 	
532.503083 	1342.916160 	1644.010150 	879.086749 	
78.222707 	1478.661091 	1024.862794 	734.041572 	
875.166639 	432.489696 	1786.001461 	1220.503408 	
41.498423 	2383.510522 	1243.942643 	2314.855009 	
1147.069067 	1815.106311 	2349.661620 	1749.100001 	
1137.631799 	2499.900000 	2225.009191 	2088.329293 	
1074.135581 	1183.908325 	2243.852593 	1470.871377 	
1158.098607 	264.300576 	2287.050806 	0.100000 	
997.130862 	1846.002579 	2129.617717 	2255.952827 	
1670.634519 	1200.323362 	2393.750069 	237.156927 	
638.164576 	2069.368281 	1826.153463 	2267.530050 	
332.915178 	2107.180436 	1534.193653 	2193.873625 	
1584.824607 	1258.909836 	2499.900000 	1494.252006 	
0.100000 	1220.961273 	1097.034736 	1065.231219 	
315.857915 	2499.900000 	1018.591129 	1635.992655 	
0.275474 	1091.755700 	1119.605211 	647.136061 	
1574.071470 	69.004572 	2156.347992 	1123.300419 	
0.100000 	0.100000 	943.022412 	353.086672 	
658.437558 	523.359482 	1803.975153 	151.433009 	
855.479106 	1331.566005 	2038.193596 	1559.100874 	
387.861467 	2151.513368 	1572.219226 	2370.333801 	
1286.154940 	2424.293542 	1968.080704 	1431.538318 	
1366.348335 	1835.729218 	2499.900000 	1684.986351 	
1630.358318 	1486.694495 	2472.195556 	625.360792 	
1612.408614 	2129.279347 	2499.900000 	2499.900000 	
1489.238941 	1669.682393 	2499.900000 	2108.263828 	
0.100000 	583.270211 	765.663146 	1246.747183 	
2016.005345 	0.139445 	0.950000 	
2016.005345 	0.139445 	0.950000 	
2016.005345 	0.139445 	0.950000 	
2016.005345 	0.139445 	0.950000 	
2016.005345 	0.139445 	0.950000 	
2016.005345 	0.139445 	0.950000 	
2016.005345 	0.139445 	0.950000 	
2016.005345 	0.139445 	0.950000 	
2016.005345 	0.139445 	0.950000 	
2016.005345 	0.139445 	0.950000 	
2016.005345 	0.139445 	0.950000 	
2016.005345 	0.139445 	0.950000 	
2016.005345 	0.139445 	0.950000 	
2016.005345 	0.139445 	0.950000 	
2016.005345 	0.139445 	0.950000 	
2016.005345 	0.139445 	0.950000 	
2016.005345 	0.139445 	0.950000 	
2016.005345 	0.139445 	0.950000 	
2016.005345 	0.139445 	0.950000 	
2016.005345 	0.139445 	0.950000 	
2016.005345 	0.139445 	0.950000 	
2016.005345 	0.139445 	0.950000 	
2016.005345 	0.139445 	0.950000 	
2016.005345 	0.139445 	0.950000 	
2016.005345 	0.139445 	0.950000 	
2016.005345 	0.139445 	0.950000 	
2016.005345 	0.139445 	0.950000 	
2016.005345 	0.139445 	0.950000 	
2016.005345 	0.139445 	0.950000 	
