21
1670.040423 	64.419103 	2329.321093 	794.562204 	
679.869233 	631.723584 	1660.700959 	556.032943 	
0.100000 	696.505467 	556.888788 	1474.920326 	
717.760162 	231.127667 	1642.004942 	0.100000 	
1408.776320 	721.209521 	2387.511253 	622.023441 	
1565.450115 	2499.900000 	2422.092172 	2208.569739 	
387.779325 	943.906175 	1316.518780 	619.556097 	
260.674913 	1258.763918 	1183.345915 	1599.994294 	
1442.786952 	1385.309335 	2383.526099 	1673.006752 	
662.414947 	2419.638389 	1588.595477 	2088.051938 	
773.164715 	960.957606 	1755.184510 	1019.241996 	
136.412661 	1816.559253 	1105.485650 	1647.274026 	
86.874924 	354.147506 	1019.119372 	668.281616 	
1594.014323 	303.483287 	2499.900000 	10.780645 	
1832.604671 	1273.802549 	2499.900000 	1838.126912 	
626.667584 	2001.352220 	1433.658173 	1438.745664 	
1414.949722 	685.924723 	2392.292481 	798.000943 	
1750.540178 	1704.263376 	2499.900000 	1153.545829 	
1565.646494 	928.833183 	2499.900000 	652.279621 	
1483.368586 	2225.384813 	2380.656435 	1822.105179 	
1212.903657 	632.683761 	2020.232973 	1194.804144 	
2065.164160 	0.121162 	0.950000 	
2065.164160 	0.121162 	0.950000 	
2065.164160 	0.121162 	0.950000 	
2065.164160 	0.121162 	0.950000 	
2065.164160 	0.121162 	0.950000 	
2065.164160 	0.121162 	0.950000 	
2065.164160 	0.121162 	0.950000 	
2065.164160 	0.121162 	0.950000 	
2065.164160 	0.121162 	0.950000 	
2065.164160 	0.121162 	0.950000 	
2065.164160 	0.121162 	0.950000 	
2065.164160 	0.121162 	0.950000 	
2065.164160 	0.121162 	0.950000 	
2065.164160 	0.121162 	0.950000 	
2065.164160 	0.121162 	0.950000 	
2065.164160 	0.121162 	0.950000 	
2065.164160 	0.121162 	0.950000 	
2065.164160 	0.121162 	0.950000 	
2065.164160 	0.121162 	0.950000 	
2065.164160 	0.121162 	0.950000 	
2065.164160 	0.121162 	0.950000 	
