24
1735.769389 	271.489396 	2499.900000 	0.100000 	
802.612226 	337.416116 	1692.083731 	0.100000 	
1251.471806 	255.522569 	2202.962261 	392.537342 	
0.100000 	1205.513674 	749.630712 	1047.556688 	
1015.467561 	1499.761780 	1905.945193 	1861.917439 	
925.065815 	2192.226573 	1880.739471 	2088.327594 	
1536.489217 	1597.207031 	2193.026067 	895.020091 	
1086.423757 	204.501087 	2033.448489 	39.421433 	
1544.466335 	651.947561 	2468.447246 	917.214239 	
1612.617278 	1415.533208 	2496.874424 	1792.622631 	
133.716254 	1733.594760 	975.215173 	2198.338458 	
191.147253 	538.812901 	1079.173094 	906.939565 	
1393.371227 	1048.012187 	2270.531367 	1441.327866 	
17.692671 	1720.647317 	725.127746 	2371.525762 	
633.653642 	1215.405249 	1425.655128 	1760.236213 	
370.421450 	1307.945125 	1329.441967 	1374.177920 	
1246.084273 	916.528237 	2190.635353 	737.837467 	
0.100000 	1081.922465 	936.173487 	976.528666 	
1372.679514 	1854.069311 	2297.622436 	2115.961893 	
1387.896129 	638.435197 	2243.019642 	1077.605906 	
836.412468 	1203.170529 	1793.178305 	1109.863150 	
358.390400 	650.537767 	1155.018967 	1188.580572 	
0.100000 	1833.920756 	853.215302 	1563.932342 	
1028.956902 	1506.791655 	1974.256423 	1332.103504 	
1867.609921 	0.167398 	0.950000 	
1867.609921 	0.167398 	0.950000 	
1867.609921 	0.167398 	0.950000 	
1867.609921 	0.167398 	0.950000 	
1867.609921 	0.167398 	0.950000 	
1867.609921 	0.167398 	0.950000 	
1867.609921 	0.167398 	0.950000 	
1867.609921 	0.167398 	0.950000 	
1867.609921 	0.167398 	0.950000 	
1867.609921 	0.167398 	0.950000 	
1867.609921 	0.167398 	0.950000 	
1867.609921 	0.167398 	0.950000 	
1867.609921 	0.167398 	0.950000 	
1867.609921 	0.167398 	0.950000 	
1867.609921 	0.167398 	0.950000 	
1867.609921 	0.167398 	0.950000 	
1867.609921 	0.167398 	0.950000 	
1867.609921 	0.167398 	0.950000 	
1867.609921 	0.167398 	0.950000 	
1867.609921 	0.167398 	0.950000 	
1867.609921 	0.167398 	0.950000 	
1867.609921 	0.167398 	0.950000 	
1867.609921 	0.167398 	0.950000 	
1867.609921 	0.167398 	0.950000 	
