27
504.837650 	1652.743742 	1538.076208 	1854.738208 	
356.111746 	2159.729996 	1312.095766 	2499.900000 	
197.011779 	1797.750490 	1239.134501 	1947.296186 	
126.361399 	1921.960673 	1177.432031 	1861.676274 	
535.941430 	1582.782900 	1485.282824 	1127.662477 	
917.198040 	640.251776 	1961.962529 	770.062588 	
264.183439 	675.410285 	1309.360461 	548.963950 	
970.476663 	670.062423 	2019.293905 	761.528666 	
1363.477484 	2230.579363 	2354.791755 	2499.900000 	
0.100000 	677.983173 	974.513334 	475.493555 	
1191.493337 	1442.399826 	2225.467893 	1244.207241 	
1023.505960 	566.007699 	2070.855098 	459.033562 	
674.743662 	1041.207129 	1723.874831 	1128.999344 	
1749.041988 	0.100000 	2482.606452 	733.110009 	
0.100000 	1115.888126 	938.661662 	762.030749 	
993.021942 	1719.522560 	1903.405732 	2248.280574 	
192.613048 	2076.519438 	1241.645789 	1987.558816 	
0.100000 	2077.689653 	808.670021 	2441.264879 	
883.464203 	1338.598099 	1935.972852 	1363.280572 	
1419.538160 	2154.280410 	2449.254449 	1935.036151 	
840.119539 	1824.529966 	1887.468414 	1717.553261 	
1440.246921 	0.100000 	2419.285039 	301.586102 	
197.307815 	113.667451 	1122.501279 	616.062451 	
1003.154129 	389.362422 	1981.865418 	777.315891 	
84.490329 	732.341774 	1111.593220 	501.163632 	
368.674172 	680.898409 	1289.485103 	170.515306 	
0.100000 	505.117988 	806.895949 	670.166187 	
1497.489852 	0.150485 	0.950000 	
1497.489852 	0.150485 	0.950000 	
1497.489852 	0.150485 	0.950000 	
1497.489852 	0.150485 	0.950000 	
1497.489852 	0.150485 	0.950000 	
1497.489852 	0.150485 	0.950000 	
1497.489852 	0.150485 	0.950000 	
1497.489852 	0.150485 	0.950000 	
1497.489852 	0.150485 	0.950000 	
1497.489852 	0.150485 	0.950000 	
1497.489852 	0.150485 	0.950000 	
1497.489852 	0.150485 	0.950000 	
1497.489852 	0.150485 	0.950000 	
1497.489852 	0.150485 	0.950000 	
1497.489852 	0.150485 	0.950000 	
1497.489852 	0.150485 	0.950000 	
1497.489852 	0.150485 	0.950000 	
1497.489852 	0.150485 	0.950000 	
1497.489852 	0.150485 	0.950000 	
1497.489852 	0.150485 	0.950000 	
1497.489852 	0.150485 	0.950000 	
1497.489852 	0.150485 	0.950000 	
1497.489852 	0.150485 	0.950000 	
1497.489852 	0.150485 	0.950000 	
1497.489852 	0.150485 	0.950000 	
1497.489852 	0.150485 	0.950000 	
1497.489852 	0.150485 	0.950000 	
