21
1630.306763 	1235.288564 	2499.900000 	1067.785558 	
645.303920 	2499.900000 	1384.036450 	1926.958317 	
719.493246 	2499.900000 	1571.040189 	1905.570975 	
536.578004 	2498.089662 	1402.987224 	1899.279411 	
153.714173 	2499.900000 	924.153875 	2066.809920 	
1433.986239 	2155.438620 	2332.569426 	1606.087268 	
149.095837 	287.273135 	1077.750123 	0.100000 	
1414.771889 	2499.900000 	2417.119281 	2319.192839 	
595.854305 	895.550878 	1529.328267 	1383.264950 	
720.452054 	928.967534 	1465.351181 	1673.523740 	
815.169691 	383.382170 	1817.847039 	61.082947 	
587.504542 	1902.393938 	1633.765365 	2023.128952 	
0.100000 	1828.401787 	780.335017 	1760.067367 	
1108.225390 	1598.834846 	2050.412256 	1128.173011 	
279.126993 	2066.782843 	1248.024704 	1653.895596 	
1044.715283 	2073.112913 	1822.978227 	1363.503554 	
469.974274 	1350.564470 	1461.424212 	1705.903284 	
819.544357 	212.262250 	1872.670361 	199.445359 	
1331.046607 	726.653782 	2291.707678 	1158.358496 	
863.849429 	1165.339512 	1871.671927 	859.508731 	
333.521112 	1802.418427 	1373.248242 	1634.471567 	
1996.174754 	0.178783 	0.950000 	
1996.174754 	0.178783 	0.950000 	
1996.174754 	0.178783 	0.950000 	
1996.174754 	0.178783 	0.950000 	
1996.174754 	0.178783 	0.950000 	
1996.174754 	0.178783 	0.950000 	
1996.174754 	0.178783 	0.950000 	
1996.174754 	0.178783 	0.950000 	
1996.174754 	0.178783 	0.950000 	
1996.174754 	0.178783 	0.950000 	
1996.174754 	0.178783 	0.950000 	
1996.174754 	0.178783 	0.950000 	
1996.174754 	0.178783 	0.950000 	
1996.174754 	0.178783 	0.950000 	
1996.174754 	0.178783 	0.950000 	
1996.174754 	0.178783 	0.950000 	
1996.174754 	0.178783 	0.950000 	
1996.174754 	0.178783 	0.950000 	
1996.174754 	0.178783 	0.950000 	
1996.174754 	0.178783 	0.950000 	
1996.174754 	0.178783 	0.950000 	
