23
671.690721 	1515.250953 	1548.445489 	1174.980458 	
1024.575447 	473.773409 	1959.670663 	574.171961 	
342.718813 	1393.159723 	1273.579825 	1259.067560 	
745.872140 	2204.770945 	1666.318978 	2011.741024 	
420.366776 	640.001449 	1338.599584 	436.700085 	
1459.891047 	1638.237249 	2348.788571 	1945.392136 	
1274.860885 	2247.080317 	2197.784178 	2066.261271 	
68.851585 	1199.044604 	1008.393177 	1157.277040 	
0.100000 	1260.305042 	843.946768 	1042.215101 	
845.168231 	2388.899311 	1783.377923 	2323.741760 	
1290.024707 	1714.100981 	2185.796427 	1427.611962 	
1460.846369 	1921.366614 	2382.088107 	2110.566488 	
1223.628143 	955.070632 	2159.023795 	1052.630396 	
1580.800786 	649.895909 	2469.689663 	957.075819 	
107.797809 	900.303818 	1043.615704 	993.726518 	
186.115414 	1737.214952 	1118.843966 	1857.632488 	
1545.006086 	447.480563 	2482.840043 	517.839661 	
787.860910 	956.488357 	1559.974832 	1493.445548 	
154.449157 	325.360554 	1093.750177 	278.493438 	
1234.212705 	415.998270 	2165.316321 	283.601177 	
1549.709655 	2316.393223 	2484.500897 	2419.583669 	
1381.592106 	1651.014021 	2310.452898 	1503.702917 	
1527.860969 	1330.280899 	2344.028325 	862.997495 	
1888.500184 	0.159388 	0.950000 	
1888.500184 	0.159388 	0.950000 	
1888.500184 	0.159388 	0.950000 	
1888.500184 	0.159388 	0.950000 	
1888.500184 	0.159388 	0.950000 	
1888.500184 	0.159388 	0.950000 	
1888.500184 	0.159388 	0.950000 	
1888.500184 	0.159388 	0.950000 	
1888.500184 	0.159388 	0.950000 	
1888.500184 	0.159388 	0.950000 	
1888.500184 	0.159388 	0.950000 	
1888.500184 	0.159388 	0.950000 	
1888.500184 	0.159388 	0.950000 	
1888.500184 	0.159388 	0.950000 	
1888.500184 	0.159388 	0.950000 	
1888.500184 	0.159388 	0.950000 	
1888.500184 	0.159388 	0.950000 	
1888.500184 	0.159388 	0.950000 	
1888.500184 	0.159388 	0.950000 	
1888.500184 	0.159388 	0.950000 	
1888.500184 	0.159388 	0.950000 	
1888.500184 	0.159388 	0.950000 	
1888.500184 	0.159388 	0.950000 	
