27
909.338890 	1794.294485 	1433.632615 	1034.953567 	
542.756057 	796.003057 	1438.821461 	575.663924 	
1443.287999 	249.273830 	2354.942075 	106.552471 	
909.532349 	596.617653 	1740.610275 	195.628848 	
1589.873991 	478.416430 	2180.190341 	0.100000 	
734.259882 	1552.754230 	1607.263424 	1851.664510 	
0.100000 	2064.523512 	726.109079 	1844.255550 	
0.100000 	1813.458180 	673.323594 	2223.367801 	
153.356909 	832.182479 	1011.550227 	493.085487 	
552.441346 	2071.062181 	1411.314010 	2408.434805 	
1242.534175 	1394.127373 	2130.307731 	1645.803067 	
118.575569 	0.100000 	1019.118978 	136.630260 	
383.966242 	1042.974620 	1231.119641 	677.169124 	
1079.628542 	1366.443228 	2000.125249 	1301.880449 	
370.863480 	1654.068909 	1277.953116 	1484.743976 	
464.874831 	1286.669128 	1322.848740 	947.017376 	
106.482203 	2107.985381 	1015.184977 	1947.542838 	
654.330592 	636.356017 	1396.321971 	87.783930 	
1580.968234 	2465.572491 	2499.900000 	2408.574385 	
1565.541052 	2120.140428 	2485.526419 	2048.659902 	
600.218562 	998.221011 	1474.234749 	702.284793 	
1153.911614 	1426.325293 	2047.919355 	1654.870036 	
331.616767 	944.054894 	1177.240011 	574.725949 	
1690.785877 	267.942371 	2499.900000 	178.151466 	
1047.752807 	1209.381191 	1950.975887 	1398.247833 	
204.133288 	2024.641385 	1123.658478 	2101.816280 	
197.734181 	2282.800517 	740.886463 	1536.832595 	
1918.779339 	0.138934 	0.950000 	
1918.779339 	0.138934 	0.950000 	
1918.779339 	0.138934 	0.950000 	
1918.779339 	0.138934 	0.950000 	
1918.779339 	0.138934 	0.950000 	
1918.779339 	0.138934 	0.950000 	
1918.779339 	0.138934 	0.950000 	
1918.779339 	0.138934 	0.950000 	
1918.779339 	0.138934 	0.950000 	
1918.779339 	0.138934 	0.950000 	
1918.779339 	0.138934 	0.950000 	
1918.779339 	0.138934 	0.950000 	
1918.779339 	0.138934 	0.950000 	
1918.779339 	0.138934 	0.950000 	
1918.779339 	0.138934 	0.950000 	
1918.779339 	0.138934 	0.950000 	
1918.779339 	0.138934 	0.950000 	
1918.779339 	0.138934 	0.950000 	
1918.779339 	0.138934 	0.950000 	
1918.779339 	0.138934 	0.950000 	
1918.779339 	0.138934 	0.950000 	
1918.779339 	0.138934 	0.950000 	
1918.779339 	0.138934 	0.950000 	
1918.779339 	0.138934 	0.950000 	
1918.779339 	0.138934 	0.950000 	
1918.779339 	0.138934 	0.950000 	
1918.779339 	0.138934 	0.950000 	
