26
129.760449 	1230.372614 	1138.352949 	981.154453 	
11.307640 	0.100000 	1044.189171 	104.899993 	
1137.474703 	705.659817 	2147.590645 	948.629584 	
0.100000 	1041.947712 	956.762112 	1079.599772 	
896.662086 	349.321102 	1704.955530 	1002.031015 	
805.988306 	615.597531 	1815.388568 	369.671460 	
1474.424381 	2202.567215 	2470.134865 	1906.038709 	
818.140476 	1404.328522 	1621.272859 	745.278525 	
550.300998 	2037.627605 	1523.524447 	2401.227166 	
1103.222935 	804.477106 	2082.501624 	1151.437871 	
1213.308214 	1939.080856 	2251.723560 	1906.491081 	
802.641441 	812.475387 	1777.568429 	1171.482198 	
427.313143 	1983.843567 	1463.537543 	2058.726913 	
33.914431 	1828.502501 	1066.074584 	1946.882994 	
903.231688 	920.456511 	1941.136581 	966.521213 	
262.560807 	450.746040 	1286.020464 	629.348540 	
0.100000 	1955.285151 	857.957583 	1996.750939 	
1521.736109 	1911.593199 	1997.996960 	2499.900000 	
269.678083 	1048.666029 	1201.463348 	589.161141 	
747.084562 	2023.870751 	1522.524690 	1332.451102 	
1157.379473 	1321.599125 	2093.804867 	871.625788 	
496.142480 	2299.995961 	1440.770362 	1867.507017 	
1210.729472 	2010.161964 	2234.630825 	1834.109298 	
521.088039 	452.475435 	1557.741862 	383.792292 	
1099.280100 	2199.475762 	2134.383368 	2110.426631 	
1150.324924 	2365.081926 	2165.864797 	2499.900000 	
2150.245797 	0.185565 	0.950000 	
2150.245797 	0.185565 	0.950000 	
2150.245797 	0.185565 	0.950000 	
2150.245797 	0.185565 	0.950000 	
2150.245797 	0.185565 	0.950000 	
2150.245797 	0.185565 	0.950000 	
2150.245797 	0.185565 	0.950000 	
2150.245797 	0.185565 	0.950000 	
2150.245797 	0.185565 	0.950000 	
2150.245797 	0.185565 	0.950000 	
2150.245797 	0.185565 	0.950000 	
2150.245797 	0.185565 	0.950000 	
2150.245797 	0.185565 	0.950000 	
2150.245797 	0.185565 	0.950000 	
2150.245797 	0.185565 	0.950000 	
2150.245797 	0.185565 	0.950000 	
2150.245797 	0.185565 	0.950000 	
2150.245797 	0.185565 	0.950000 	
2150.245797 	0.185565 	0.950000 	
2150.245797 	0.185565 	0.950000 	
2150.245797 	0.185565 	0.950000 	
2150.245797 	0.185565 	0.950000 	
2150.245797 	0.185565 	0.950000 	
2150.245797 	0.185565 	0.950000 	
2150.245797 	0.185565 	0.950000 	
2150.245797 	0.185565 	0.950000 	
