25
157.554528 	2285.057939 	1128.729432 	1980.404541 	
563.991920 	2347.380141 	1581.182632 	2311.083570 	
225.495345 	1524.874682 	1217.278101 	1296.048653 	
305.618458 	1138.764248 	1283.203295 	855.352404 	
0.100000 	1460.227597 	630.799438 	747.784915 	
1689.054316 	2045.210845 	2499.900000 	1463.192859 	
781.553804 	655.978078 	1799.324176 	644.236875 	
685.675183 	199.258956 	1670.827249 	0.100000 	
855.222569 	2117.368515 	1738.896347 	2499.900000 	
543.363115 	2499.900000 	1303.885315 	2152.191573 	
439.309287 	2130.221859 	1390.206506 	1767.194498 	
1727.543327 	2373.677560 	2499.900000 	2499.900000 	
697.121994 	1125.679984 	1697.745615 	1312.084803 	
1242.388259 	407.496363 	2245.055493 	232.416937 	
1120.000602 	1356.306420 	2059.834709 	965.529967 	
1537.419006 	2264.796476 	2144.948993 	1448.155979 	
295.026482 	1778.021244 	1295.147218 	1588.936871 	
317.538105 	2091.640905 	1318.122413 	2278.256631 	
1176.166554 	1919.792359 	2192.856445 	1871.459638 	
182.164534 	1803.579054 	1056.383938 	1282.297154 	
1443.914194 	500.486291 	2390.899240 	873.599825 	
101.575049 	695.709230 	1077.085003 	986.182492 	
1649.033698 	2127.318408 	2499.900000 	2051.299304 	
1186.442192 	948.290111 	2203.749989 	981.141773 	
9.790598 	186.149378 	1027.203013 	215.583433 	
2154.368476 	0.142794 	0.950000 	
2154.368476 	0.142794 	0.950000 	
2154.368476 	0.142794 	0.950000 	
2154.368476 	0.142794 	0.950000 	
2154.368476 	0.142794 	0.950000 	
2154.368476 	0.142794 	0.950000 	
2154.368476 	0.142794 	0.950000 	
2154.368476 	0.142794 	0.950000 	
2154.368476 	0.142794 	0.950000 	
2154.368476 	0.142794 	0.950000 	
2154.368476 	0.142794 	0.950000 	
2154.368476 	0.142794 	0.950000 	
2154.368476 	0.142794 	0.950000 	
2154.368476 	0.142794 	0.950000 	
2154.368476 	0.142794 	0.950000 	
2154.368476 	0.142794 	0.950000 	
2154.368476 	0.142794 	0.950000 	
2154.368476 	0.142794 	0.950000 	
2154.368476 	0.142794 	0.950000 	
2154.368476 	0.142794 	0.950000 	
2154.368476 	0.142794 	0.950000 	
2154.368476 	0.142794 	0.950000 	
2154.368476 	0.142794 	0.950000 	
2154.368476 	0.142794 	0.950000 	
2154.368476 	0.142794 	0.950000 	
