31
1263.497328 	1686.269208 	2186.432331 	1567.526980 	
393.070927 	634.049385 	1320.046862 	552.659258 	
114.082682 	1602.481245 	557.788171 	784.536151 	
1459.155203 	2397.285653 	2382.874920 	2284.810673 	
524.110916 	576.077744 	1453.121802 	629.439811 	
1107.458603 	515.890757 	2037.898623 	529.678640 	
1591.135577 	798.240990 	2491.744095 	564.119149 	
391.131672 	2164.874600 	1205.264591 	1714.212502 	
1786.573277 	903.300180 	2499.900000 	753.756894 	
1616.613131 	1153.827145 	2220.800394 	1861.546362 	
1398.039355 	626.044036 	2267.335395 	294.030283 	
1097.954584 	218.160308 	2028.496249 	219.133943 	
919.328785 	976.589116 	1755.363292 	567.987792 	
605.901284 	371.761875 	1440.824035 	782.630146 	
1451.205521 	2131.549987 	2337.722830 	2414.385272 	
976.319971 	2312.933948 	1905.018085 	2371.487781 	
1348.092627 	88.382446 	2278.472655 	71.011758 	
1836.359274 	1228.845029 	2499.900000 	1739.390188 	
1373.161095 	4.881823 	2279.854106 	214.205786 	
1490.571134 	1062.902400 	2421.112413 	1061.611817 	
756.624465 	1278.994917 	1685.826852 	1328.911477 	
1614.655758 	1836.465930 	2380.368532 	2365.231177 	
461.180083 	1472.729465 	1374.208250 	1652.418931 	
197.953327 	588.979174 	1123.313788 	687.044228 	
784.992541 	2158.704311 	1692.435730 	2364.751868 	
0.100000 	1936.260710 	777.340335 	1900.242302 	
1474.406433 	1582.556257 	2335.891226 	1230.771251 	
318.083409 	2175.950667 	1238.946342 	2309.817001 	
1230.995725 	1196.963741 	1979.001604 	643.433306 	
1389.637016 	969.591447 	2285.820328 	719.063588 	
1187.995591 	1359.352907 	2039.379868 	1734.923873 	
2054.022535 	0.145695 	0.950000 	
2054.022535 	0.145695 	0.950000 	
2054.022535 	0.145695 	0.950000 	
2054.022535 	0.145695 	0.950000 	
2054.022535 	0.145695 	0.950000 	
2054.022535 	0.145695 	0.950000 	
2054.022535 	0.145695 	0.950000 	
2054.022535 	0.145695 	0.950000 	
2054.022535 	0.145695 	0.950000 	
2054.022535 	0.145695 	0.950000 	
2054.022535 	0.145695 	0.950000 	
2054.022535 	0.145695 	0.950000 	
2054.022535 	0.145695 	0.950000 	
2054.022535 	0.145695 	0.950000 	
2054.022535 	0.145695 	0.950000 	
2054.022535 	0.145695 	0.950000 	
2054.022535 	0.145695 	0.950000 	
2054.022535 	0.145695 	0.950000 	
2054.022535 	0.145695 	0.950000 	
2054.022535 	0.145695 	0.950000 	
2054.022535 	0.145695 	0.950000 	
2054.022535 	0.145695 	0.950000 	
2054.022535 	0.145695 	0.950000 	
2054.022535 	0.145695 	0.950000 	
2054.022535 	0.145695 	0.950000 	
2054.022535 	0.145695 	0.950000 	
2054.022535 	0.145695 	0.950000 	
2054.022535 	0.145695 	0.950000 	
2054.022535 	0.145695 	0.950000 	
2054.022535 	0.145695 	0.950000 	
2054.022535 	0.145695 	0.950000 	
