28
940.652653 	1913.055653 	1860.309527 	1655.170013 	
1726.989198 	1794.532889 	2499.900000 	1694.206981 	
659.934324 	2296.991703 	1606.623029 	2170.286277 	
1391.438073 	1515.313351 	2219.909821 	1990.611502 	
918.709084 	2426.731024 	1859.124620 	2259.720879 	
0.100000 	22.829593 	769.744397 	31.634274 	
810.370602 	1937.062913 	1738.723608 	2161.639106 	
594.331105 	165.925287 	1535.877476 	5.412983 	
243.476301 	1460.623961 	1135.871994 	1120.177643 	
235.147644 	1674.651780 	1186.695028 	1591.999822 	
668.363835 	2018.096055 	1585.835299 	1752.540258 	
1623.063177 	801.169004 	2499.900000 	598.815871 	
438.386417 	1346.852965 	1337.763853 	1668.402335 	
341.561509 	2242.851921 	1295.776639 	2201.051742 	
524.613369 	1456.726126 	1430.502662 	1759.444409 	
837.778549 	2208.603138 	1659.491623 	1721.713629 	
1399.832909 	1246.119555 	2354.264215 	1209.586655 	
297.859338 	1232.643136 	1141.413656 	784.658892 	
0.100000 	2196.079407 	772.086556 	2191.121082 	
424.543030 	1982.922198 	1279.942625 	1557.992437 	
372.364410 	2006.063864 	1319.884535 	2126.394166 	
1449.450287 	0.100000 	2354.261619 	179.638637 	
51.930640 	318.636684 	993.651117 	159.149027 	
1402.595969 	1327.317376 	2355.725654 	1389.103888 	
1521.431698 	1982.754593 	2422.921722 	2298.332644 	
894.033462 	539.387387 	1817.733841 	782.392283 	
0.100000 	1930.149604 	764.545263 	1947.586697 	
885.523586 	1883.899958 	1645.762336 	1305.703787 	
1601.781210 	0.142498 	0.950000 	
1601.781210 	0.142498 	0.950000 	
1601.781210 	0.142498 	0.950000 	
1601.781210 	0.142498 	0.950000 	
1601.781210 	0.142498 	0.950000 	
1601.781210 	0.142498 	0.950000 	
1601.781210 	0.142498 	0.950000 	
1601.781210 	0.142498 	0.950000 	
1601.781210 	0.142498 	0.950000 	
1601.781210 	0.142498 	0.950000 	
1601.781210 	0.142498 	0.950000 	
1601.781210 	0.142498 	0.950000 	
1601.781210 	0.142498 	0.950000 	
1601.781210 	0.142498 	0.950000 	
1601.781210 	0.142498 	0.950000 	
1601.781210 	0.142498 	0.950000 	
1601.781210 	0.142498 	0.950000 	
1601.781210 	0.142498 	0.950000 	
1601.781210 	0.142498 	0.950000 	
1601.781210 	0.142498 	0.950000 	
1601.781210 	0.142498 	0.950000 	
1601.781210 	0.142498 	0.950000 	
1601.781210 	0.142498 	0.950000 	
1601.781210 	0.142498 	0.950000 	
1601.781210 	0.142498 	0.950000 	
1601.781210 	0.142498 	0.950000 	
1601.781210 	0.142498 	0.950000 	
1601.781210 	0.142498 	0.950000 	
