26
0.100000 	260.050373 	847.045520 	1032.586476 	
731.340908 	661.964367 	1880.275997 	641.051883 	
1384.142702 	1101.048295 	2499.900000 	1261.377974 	
97.044999 	280.405517 	1242.899148 	193.760034 	
1429.691517 	0.100000 	2377.266729 	482.898347 	
91.150783 	1983.603238 	1234.487495 	2098.800175 	
685.455034 	0.100000 	1716.527476 	424.783014 	
280.981912 	824.729174 	1418.732862 	663.446974 	
476.795768 	2308.956075 	1403.083774 	1628.897474 	
1531.378274 	1147.802898 	2499.900000 	1134.059078 	
0.100000 	2014.070645 	821.912947 	2499.900000 	
1140.594731 	1208.759333 	2239.550050 	1544.596164 	
430.094949 	1123.573560 	1574.767899 	1022.514131 	
851.494011 	998.305798 	2000.618619 	996.962072 	
373.334585 	363.733514 	1446.452152 	0.100000 	
1427.047096 	1633.867986 	2499.900000 	1947.090613 	
1414.290204 	1979.869748 	2499.900000 	1619.748659 	
776.517934 	1778.190355 	1915.879185 	1927.673167 	
0.100000 	1970.661528 	855.479765 	1476.204455 	
742.945261 	631.068829 	1891.376314 	671.009852 	
1433.029425 	0.100000 	2368.041796 	358.681443 	
808.635374 	847.953552 	1956.462909 	902.553191 	
121.295706 	2148.586894 	1255.654202 	2332.216884 	
325.384713 	1919.321924 	1467.965924 	1796.858264 	
0.100000 	1007.820618 	885.727311 	462.110881 	
495.062704 	182.408723 	1500.227610 	739.304298 	
2069.371593 	0.157680 	0.950000 	
2069.371593 	0.157680 	0.950000 	
2069.371593 	0.157680 	0.950000 	
2069.371593 	0.157680 	0.950000 	
2069.371593 	0.157680 	0.950000 	
2069.371593 	0.157680 	0.950000 	
2069.371593 	0.157680 	0.950000 	
2069.371593 	0.157680 	0.950000 	
2069.371593 	0.157680 	0.950000 	
2069.371593 	0.157680 	0.950000 	
2069.371593 	0.157680 	0.950000 	
2069.371593 	0.157680 	0.950000 	
2069.371593 	0.157680 	0.950000 	
2069.371593 	0.157680 	0.950000 	
2069.371593 	0.157680 	0.950000 	
2069.371593 	0.157680 	0.950000 	
2069.371593 	0.157680 	0.950000 	
2069.371593 	0.157680 	0.950000 	
2069.371593 	0.157680 	0.950000 	
2069.371593 	0.157680 	0.950000 	
2069.371593 	0.157680 	0.950000 	
2069.371593 	0.157680 	0.950000 	
2069.371593 	0.157680 	0.950000 	
2069.371593 	0.157680 	0.950000 	
2069.371593 	0.157680 	0.950000 	
2069.371593 	0.157680 	0.950000 	
