27
1104.251622 	2499.900000 	2021.388859 	2154.133250 	
1705.077349 	0.100000 	2499.900000 	307.617802 	
566.644746 	770.330908 	1516.395395 	475.393982 	
582.752824 	1015.692766 	1564.965463 	859.896686 	
1371.856678 	795.978691 	2245.203119 	1271.667750 	
1565.599164 	320.128277 	2499.900000 	505.792825 	
1098.874830 	2268.910869 	2078.371500 	2440.958418 	
145.716370 	102.362378 	1039.786156 	537.854402 	
405.521088 	2002.292539 	1373.608737 	1774.651615 	
296.229996 	1632.902423 	1288.593580 	1567.874709 	
220.359078 	689.458764 	1202.829865 	843.618551 	
1159.686549 	245.319347 	2150.281256 	333.275095 	
403.589328 	2213.652608 	1334.292432 	2499.900000 	
1814.560168 	2377.273080 	2499.900000 	1743.466740 	
1508.873932 	553.984645 	2440.870355 	207.002291 	
1052.057967 	1218.567648 	1927.034523 	745.883701 	
1600.587455 	1440.701805 	2417.199911 	873.112004 	
380.182379 	1730.733876 	1348.274124 	1958.357381 	
1012.640507 	2275.142153 	1992.142630 	2103.125648 	
1062.890332 	2499.900000 	1973.042562 	2234.208246 	
356.679832 	1848.681542 	1348.109942 	1770.704483 	
1030.122791 	1871.011536 	1801.692757 	1243.561239 	
24.386820 	2335.020607 	906.318121 	1875.443338 	
1353.308123 	884.256705 	2340.325869 	1005.953282 	
1613.450518 	2499.900000 	2387.096710 	1934.260122 	
1132.305209 	1695.033389 	1958.373520 	2248.770901 	
0.100000 	2499.900000 	792.556916 	2026.500260 	
1855.028426 	0.146602 	0.950000 	
1855.028426 	0.146602 	0.950000 	
1855.028426 	0.146602 	0.950000 	
1855.028426 	0.146602 	0.950000 	
1855.028426 	0.146602 	0.950000 	
1855.028426 	0.146602 	0.950000 	
1855.028426 	0.146602 	0.950000 	
1855.028426 	0.146602 	0.950000 	
1855.028426 	0.146602 	0.950000 	
1855.028426 	0.146602 	0.950000 	
1855.028426 	0.146602 	0.950000 	
1855.028426 	0.146602 	0.950000 	
1855.028426 	0.146602 	0.950000 	
1855.028426 	0.146602 	0.950000 	
1855.028426 	0.146602 	0.950000 	
1855.028426 	0.146602 	0.950000 	
1855.028426 	0.146602 	0.950000 	
1855.028426 	0.146602 	0.950000 	
1855.028426 	0.146602 	0.950000 	
1855.028426 	0.146602 	0.950000 	
1855.028426 	0.146602 	0.950000 	
1855.028426 	0.146602 	0.950000 	
1855.028426 	0.146602 	0.950000 	
1855.028426 	0.146602 	0.950000 	
1855.028426 	0.146602 	0.950000 	
1855.028426 	0.146602 	0.950000 	
1855.028426 	0.146602 	0.950000 	
