23
1345.282986 	251.820791 	2230.550071 	419.695730 	
591.668308 	259.101421 	1492.358673 	233.869043 	
375.594971 	517.340958 	1216.160205 	192.795284 	
0.100000 	392.098989 	774.086920 	449.157504 	
1148.564087 	537.981433 	2044.615569 	443.263178 	
664.430306 	865.901210 	1553.827531 	721.497666 	
720.419376 	915.289137 	1586.537563 	666.855859 	
1019.323621 	533.038423 	1920.105056 	554.778124 	
31.583244 	926.352609 	706.029944 	328.856621 	
436.601644 	2302.491871 	1326.644109 	2162.120155 	
1355.146661 	1853.493768 	2235.741863 	1662.622355 	
1220.923480 	1547.251413 	2064.808476 	1231.438301 	
64.860606 	346.869295 	936.468119 	575.299044 	
78.380802 	658.191323 	942.225000 	401.962890 	
0.100000 	98.435398 	875.111238 	288.298643 	
0.100000 	2116.050339 	683.485436 	2452.951715 	
646.551480 	1794.523932 	1545.886061 	1739.052156 	
1113.302648 	1345.421721 	2008.990051 	1443.523113 	
1259.455926 	671.614962 	2132.234173 	895.529987 	
862.124495 	429.833084 	1762.712680 	401.184730 	
27.238155 	1461.270528 	908.033598 	1651.215768 	
1117.260663 	2499.900000 	1909.804831 	2255.504415 	
94.636882 	235.791499 	911.362579 	616.368616 	
1634.232813 	0.177690 	0.950000 	
1634.232813 	0.177690 	0.950000 	
1634.232813 	0.177690 	0.950000 	
1634.232813 	0.177690 	0.950000 	
1634.232813 	0.177690 	0.950000 	
1634.232813 	0.177690 	0.950000 	
1634.232813 	0.177690 	0.950000 	
1634.232813 	0.177690 	0.950000 	
1634.232813 	0.177690 	0.950000 	
1634.232813 	0.177690 	0.950000 	
1634.232813 	0.177690 	0.950000 	
1634.232813 	0.177690 	0.950000 	
1634.232813 	0.177690 	0.950000 	
1634.232813 	0.177690 	0.950000 	
1634.232813 	0.177690 	0.950000 	
1634.232813 	0.177690 	0.950000 	
1634.232813 	0.177690 	0.950000 	
1634.232813 	0.177690 	0.950000 	
1634.232813 	0.177690 	0.950000 	
1634.232813 	0.177690 	0.950000 	
1634.232813 	0.177690 	0.950000 	
1634.232813 	0.177690 	0.950000 	
1634.232813 	0.177690 	0.950000 	
