27
463.858451 	2242.672555 	1420.146361 	2373.315061 	
352.317334 	447.207723 	1308.659501 	316.962988 	
1540.851559 	1008.467858 	2499.900000 	1020.136111 	
188.137870 	806.449305 	1151.985317 	755.930690 	
43.678142 	1852.196728 	979.828049 	1617.298064 	
853.687341 	2022.713913 	1728.376208 	2430.725454 	
1631.125438 	1007.222603 	2490.725561 	1446.132229 	
572.670174 	2000.843479 	1537.450768 	2028.274068 	
237.636246 	1005.447472 	1125.408762 	626.747074 	
0.100000 	1589.210637 	839.766808 	1160.185088 	
1635.876960 	924.469824 	2499.900000 	1019.451851 	
975.761196 	2292.131070 	1935.725048 	2192.013967 	
546.797147 	1841.802672 	1463.171546 	1538.797733 	
1097.926021 	2045.984973 	2061.799743 	2095.999768 	
1403.081245 	491.715620 	2265.679812 	58.728618 	
438.704773 	633.746956 	1395.263747 	762.389717 	
1244.019227 	2201.533311 	2026.616231 	1636.647517 	
382.280327 	936.462471 	932.982382 	143.820510 	
1686.452797 	124.552519 	2499.900000 	45.758122 	
1226.515035 	1272.888683 	2120.814790 	909.870805 	
185.864528 	2069.165915 	981.761840 	2499.900000 	
721.400319 	407.502909 	1549.708373 	902.941905 	
1047.277183 	1539.252771 	1984.697090 	1309.474728 	
1661.709508 	1077.720541 	2499.900000 	720.044684 	
827.818105 	108.056493 	1789.505773 	26.136652 	
1024.076460 	1310.795315 	1981.821236 	1191.300647 	
1198.719283 	1817.763835 	2024.556408 	2317.310703 	
2241.102196 	0.174745 	0.950000 	
2241.102196 	0.174745 	0.950000 	
2241.102196 	0.174745 	0.950000 	
2241.102196 	0.174745 	0.950000 	
2241.102196 	0.174745 	0.950000 	
2241.102196 	0.174745 	0.950000 	
2241.102196 	0.174745 	0.950000 	
2241.102196 	0.174745 	0.950000 	
2241.102196 	0.174745 	0.950000 	
2241.102196 	0.174745 	0.950000 	
2241.102196 	0.174745 	0.950000 	
2241.102196 	0.174745 	0.950000 	
2241.102196 	0.174745 	0.950000 	
2241.102196 	0.174745 	0.950000 	
2241.102196 	0.174745 	0.950000 	
2241.102196 	0.174745 	0.950000 	
2241.102196 	0.174745 	0.950000 	
2241.102196 	0.174745 	0.950000 	
2241.102196 	0.174745 	0.950000 	
2241.102196 	0.174745 	0.950000 	
2241.102196 	0.174745 	0.950000 	
2241.102196 	0.174745 	0.950000 	
2241.102196 	0.174745 	0.950000 	
2241.102196 	0.174745 	0.950000 	
2241.102196 	0.174745 	0.950000 	
2241.102196 	0.174745 	0.950000 	
2241.102196 	0.174745 	0.950000 	
