22
266.483849 	1636.388267 	1374.219343 	1680.204221 	
0.100000 	1167.955248 	719.351777 	1843.335634 	
0.100000 	1727.685754 	985.805015 	1554.628980 	
369.890422 	639.619103 	1445.001661 	910.051330 	
359.710450 	1065.383140 	1362.554838 	592.835895 	
0.100000 	666.762517 	804.433930 	274.224127 	
84.445579 	510.898770 	1064.384056 	0.100000 	
669.348257 	1012.441533 	1606.609597 	420.378238 	
1266.775978 	1087.575718 	2300.304140 	686.555390 	
1092.444717 	1531.184321 	2132.579023 	1147.624169 	
1133.103917 	2499.900000 	2225.042995 	2381.339542 	
726.758713 	403.874219 	1612.364799 	0.100000 	
1545.179693 	1883.431493 	2499.900000 	1664.228585 	
1699.053904 	2428.980375 	2499.900000 	2096.804713 	
1587.610770 	2334.563723 	2499.900000 	1994.583183 	
623.030775 	366.712330 	1723.062614 	229.134285 	
1563.199085 	2142.031685 	2499.900000 	2499.900000 	
468.603433 	1103.296347 	1577.203181 	1101.207608 	
909.291297 	2098.170960 	2002.774912 	2280.630128 	
920.350924 	1839.128470 	1820.925111 	2485.629745 	
1407.289732 	740.645312 	2476.069291 	1035.107564 	
266.024408 	1549.714155 	1373.195412 	1606.018082 	
2445.974528 	0.139661 	0.950000 	
2445.974528 	0.139661 	0.950000 	
2445.974528 	0.139661 	0.950000 	
2445.974528 	0.139661 	0.950000 	
2445.974528 	0.139661 	0.950000 	
2445.974528 	0.139661 	0.950000 	
2445.974528 	0.139661 	0.950000 	
2445.974528 	0.139661 	0.950000 	
2445.974528 	0.139661 	0.950000 	
2445.974528 	0.139661 	0.950000 	
2445.974528 	0.139661 	0.950000 	
2445.974528 	0.139661 	0.950000 	
2445.974528 	0.139661 	0.950000 	
2445.974528 	0.139661 	0.950000 	
2445.974528 	0.139661 	0.950000 	
2445.974528 	0.139661 	0.950000 	
2445.974528 	0.139661 	0.950000 	
2445.974528 	0.139661 	0.950000 	
2445.974528 	0.139661 	0.950000 	
2445.974528 	0.139661 	0.950000 	
2445.974528 	0.139661 	0.950000 	
2445.974528 	0.139661 	0.950000 	
