31
0.100000 	580.699336 	732.309306 	258.221862 	
847.679564 	505.650728 	1813.197644 	246.527914 	
690.007778 	971.090292 	1461.873794 	1606.379713 	
1223.207125 	635.231020 	1789.312546 	1459.181533 	
857.786873 	1626.407493 	1816.355934 	1342.655575 	
316.824586 	1033.761929 	1047.167446 	351.142634 	
863.812110 	1385.358424 	1844.607241 	1578.776897 	
1494.648511 	1599.329791 	2456.346786 	1326.371509 	
0.100000 	319.144027 	759.490869 	288.807622 	
0.710207 	216.081146 	999.626425 	176.886945 	
1304.300354 	17.046027 	2295.982492 	143.285211 	
0.100000 	666.090790 	726.075830 	174.751233 	
37.588989 	1263.946987 	1032.942127 	1356.908941 	
397.679291 	2184.989254 	1383.963569 	2021.853977 	
1642.790071 	1042.064844 	2476.210081 	489.995209 	
979.244762 	505.743119 	1977.377590 	450.059608 	
0.100000 	362.387396 	740.060769 	0.100000 	
657.148654 	1914.090728 	1088.428993 	2499.900000 	
135.798734 	602.061480 	1135.289297 	621.769604 	
301.468054 	1582.855884 	1300.403895 	1544.165029 	
0.100000 	561.791454 	801.223412 	471.576059 	
1411.972182 	627.462526 	2410.588462 	581.252994 	
1334.727330 	1628.622459 	2222.385564 	2088.440526 	
1264.760322 	648.930351 	2119.868412 	131.088725 	
1418.143091 	2206.373033 	2372.726398 	1909.488365 	
1318.278677 	41.321008 	2239.896853 	428.606089 	
0.100000 	2357.745568 	982.483784 	2499.900000 	
520.256629 	1670.911395 	1517.069761 	1595.192340 	
0.100000 	456.947482 	736.731747 	963.624024 	
0.100000 	2187.685739 	752.066814 	2148.478254 	
0.100000 	0.100000 	729.519411 	257.367080 	
2358.012408 	0.166578 	0.950000 	
2358.012408 	0.166578 	0.950000 	
2358.012408 	0.166578 	0.950000 	
2358.012408 	0.166578 	0.950000 	
2358.012408 	0.166578 	0.950000 	
2358.012408 	0.166578 	0.950000 	
2358.012408 	0.166578 	0.950000 	
2358.012408 	0.166578 	0.950000 	
2358.012408 	0.166578 	0.950000 	
2358.012408 	0.166578 	0.950000 	
2358.012408 	0.166578 	0.950000 	
2358.012408 	0.166578 	0.950000 	
2358.012408 	0.166578 	0.950000 	
2358.012408 	0.166578 	0.950000 	
2358.012408 	0.166578 	0.950000 	
2358.012408 	0.166578 	0.950000 	
2358.012408 	0.166578 	0.950000 	
2358.012408 	0.166578 	0.950000 	
2358.012408 	0.166578 	0.950000 	
2358.012408 	0.166578 	0.950000 	
2358.012408 	0.166578 	0.950000 	
2358.012408 	0.166578 	0.950000 	
2358.012408 	0.166578 	0.950000 	
2358.012408 	0.166578 	0.950000 	
2358.012408 	0.166578 	0.950000 	
2358.012408 	0.166578 	0.950000 	
2358.012408 	0.166578 	0.950000 	
2358.012408 	0.166578 	0.950000 	
2358.012408 	0.166578 	0.950000 	
2358.012408 	0.166578 	0.950000 	
2358.012408 	0.166578 	0.950000 	
