23
1422.850023 	1978.798869 	2358.146129 	2150.830566 	
660.762118 	1403.485346 	1569.912679 	1682.445861 	
0.100000 	390.750199 	893.534982 	578.621813 	
1645.862791 	1986.617719 	2499.900000 	2053.789518 	
605.291627 	2253.386339 	1457.815637 	2499.900000 	
951.563119 	405.162804 	1900.163467 	337.849438 	
254.188780 	2135.617898 	1205.154985 	2129.536142 	
1116.382770 	774.929365 	1997.877249 	418.080387 	
509.046859 	1004.931324 	1457.083076 	1079.771430 	
737.804217 	833.521917 	1687.195513 	778.477595 	
615.506721 	1270.483189 	1491.235537 	899.710008 	
453.360925 	715.699816 	1381.829252 	921.418742 	
312.348094 	197.101226 	1257.993380 	297.742687 	
1457.676489 	1333.693009 	2113.695365 	2022.178990 	
265.026886 	27.571276 	1196.500790 	219.222203 	
1706.858541 	406.464370 	2499.900000 	598.515057 	
1622.750163 	1280.755328 	2499.900000 	1214.929308 	
366.087555 	886.331622 	1230.900097 	490.764968 	
271.736955 	1262.599459 	1121.378969 	835.420154 	
282.945823 	1429.486098 	1225.548429 	1555.478311 	
352.165681 	0.100000 	1135.808000 	392.249740 	
258.883358 	2146.412571 	1199.422150 	2286.984582 	
663.936074 	1971.883320 	1549.067769 	2319.612515 	
2062.712418 	0.144724 	0.950000 	
2062.712418 	0.144724 	0.950000 	
2062.712418 	0.144724 	0.950000 	
2062.712418 	0.144724 	0.950000 	
2062.712418 	0.144724 	0.950000 	
2062.712418 	0.144724 	0.950000 	
2062.712418 	0.144724 	0.950000 	
2062.712418 	0.144724 	0.950000 	
2062.712418 	0.144724 	0.950000 	
2062.712418 	0.144724 	0.950000 	
2062.712418 	0.144724 	0.950000 	
2062.712418 	0.144724 	0.950000 	
2062.712418 	0.144724 	0.950000 	
2062.712418 	0.144724 	0.950000 	
2062.712418 	0.144724 	0.950000 	
2062.712418 	0.144724 	0.950000 	
2062.712418 	0.144724 	0.950000 	
2062.712418 	0.144724 	0.950000 	
2062.712418 	0.144724 	0.950000 	
2062.712418 	0.144724 	0.950000 	
2062.712418 	0.144724 	0.950000 	
2062.712418 	0.144724 	0.950000 	
2062.712418 	0.144724 	0.950000 	
