30
140.850784 	1024.937466 	768.267437 	314.404002 	
1316.465850 	1281.353662 	2255.309711 	1412.050500 	
1116.548723 	1255.115248 	2031.672973 	1502.212533 	
1322.322896 	2399.674647 	2270.068984 	2416.610216 	
1702.508004 	438.710668 	2499.900000 	909.166903 	
152.046493 	807.731693 	1055.491223 	520.857017 	
0.100000 	763.666729 	764.657305 	786.282190 	
1509.799618 	1151.192723 	2324.756065 	1635.295449 	
751.446034 	1108.736007 	1641.328337 	782.210438 	
50.195834 	389.339989 	884.389247 	839.485310 	
63.748761 	1993.547051 	792.468752 	1387.348540 	
8.223017 	695.770832 	952.295334 	610.700739 	
184.605103 	2151.618287 	987.286330 	2499.900000 	
1732.109157 	1142.254606 	2499.900000 	1345.629036 	
348.059564 	1070.398740 	1295.954976 	1068.462776 	
976.525228 	1371.586289 	1919.570381 	1467.374077 	
1510.181220 	1697.763279 	2398.656733 	1367.429018 	
345.149050 	2280.276297 	1133.989008 	1754.689976 	
1380.817969 	2499.900000 	2027.855633 	1855.601889 	
590.952075 	288.375271 	1512.210755 	511.516266 	
525.872752 	547.558513 	1216.529506 	0.100000 	
1089.320645 	709.737324 	2025.875769 	855.935679 	
674.588889 	1827.739577 	1392.711911 	1209.024145 	
23.923557 	853.914949 	953.420571 	1039.777161 	
1735.891147 	2262.750189 	2499.900000 	2364.963635 	
813.559935 	111.684648 	1759.447243 	173.382781 	
796.894153 	2499.900000 	1734.180473 	2414.322359 	
482.623592 	1442.922980 	1317.463927 	1891.867381 	
196.382088 	1388.671410 	1092.704906 	1697.078389 	
1556.569427 	590.814038 	2395.002085 	148.614833 	
2083.037078 	0.142417 	0.950000 	
2083.037078 	0.142417 	0.950000 	
2083.037078 	0.142417 	0.950000 	
2083.037078 	0.142417 	0.950000 	
2083.037078 	0.142417 	0.950000 	
2083.037078 	0.142417 	0.950000 	
2083.037078 	0.142417 	0.950000 	
2083.037078 	0.142417 	0.950000 	
2083.037078 	0.142417 	0.950000 	
2083.037078 	0.142417 	0.950000 	
2083.037078 	0.142417 	0.950000 	
2083.037078 	0.142417 	0.950000 	
2083.037078 	0.142417 	0.950000 	
2083.037078 	0.142417 	0.950000 	
2083.037078 	0.142417 	0.950000 	
2083.037078 	0.142417 	0.950000 	
2083.037078 	0.142417 	0.950000 	
2083.037078 	0.142417 	0.950000 	
2083.037078 	0.142417 	0.950000 	
2083.037078 	0.142417 	0.950000 	
2083.037078 	0.142417 	0.950000 	
2083.037078 	0.142417 	0.950000 	
2083.037078 	0.142417 	0.950000 	
2083.037078 	0.142417 	0.950000 	
2083.037078 	0.142417 	0.950000 	
2083.037078 	0.142417 	0.950000 	
2083.037078 	0.142417 	0.950000 	
2083.037078 	0.142417 	0.950000 	
2083.037078 	0.142417 	0.950000 	
2083.037078 	0.142417 	0.950000 	
