25
1247.300179 	1003.956614 	2301.911985 	781.691464 	
857.174306 	1996.799168 	1688.746877 	1311.164486 	
429.325456 	1450.798360 	1388.296412 	1942.715592 	
0.100000 	110.699388 	745.425637 	547.101528 	
893.990168 	948.036403 	1928.586033 	1250.061655 	
60.706226 	2422.644683 	1126.646050 	2263.333195 	
171.142978 	1691.546538 	1108.485905 	1159.572765 	
25.840759 	1321.686810 	1075.445274 	1566.509646 	
752.479726 	2090.314078 	1769.199174 	1732.697774 	
0.100000 	668.038975 	821.276924 	566.719367 	
717.126841 	1480.665593 	1667.704969 	1988.611536 	
0.100000 	538.475855 	843.081785 	935.838704 	
600.135486 	1496.205890 	1668.925509 	1357.296765 	
43.792363 	1509.774956 	1110.444412 	1664.245871 	
873.462081 	1135.914969 	1914.937740 	858.541018 	
1373.103021 	785.552644 	2400.178270 	458.865803 	
0.100000 	2380.211066 	957.943694 	2296.450838 	
244.150972 	1383.156476 	1187.193401 	861.353031 	
344.702776 	965.476916 	1139.481354 	1693.443171 	
425.493476 	1481.163020 	1482.243378 	1693.029729 	
553.248613 	1829.234230 	1583.087750 	1511.367577 	
0.100000 	1099.012703 	1017.373764 	1096.053241 	
563.419569 	234.001823 	1565.439516 	630.944999 	
1064.226055 	1772.705436 	2139.496778 	1699.215771 	
799.352142 	2360.891735 	1872.743621 	2263.739316 	
2295.306716 	0.167375 	0.950000 	
2295.306716 	0.167375 	0.950000 	
2295.306716 	0.167375 	0.950000 	
2295.306716 	0.167375 	0.950000 	
2295.306716 	0.167375 	0.950000 	
2295.306716 	0.167375 	0.950000 	
2295.306716 	0.167375 	0.950000 	
2295.306716 	0.167375 	0.950000 	
2295.306716 	0.167375 	0.950000 	
2295.306716 	0.167375 	0.950000 	
2295.306716 	0.167375 	0.950000 	
2295.306716 	0.167375 	0.950000 	
2295.306716 	0.167375 	0.950000 	
2295.306716 	0.167375 	0.950000 	
2295.306716 	0.167375 	0.950000 	
2295.306716 	0.167375 	0.950000 	
2295.306716 	0.167375 	0.950000 	
2295.306716 	0.167375 	0.950000 	
2295.306716 	0.167375 	0.950000 	
2295.306716 	0.167375 	0.950000 	
2295.306716 	0.167375 	0.950000 	
2295.306716 	0.167375 	0.950000 	
2295.306716 	0.167375 	0.950000 	
2295.306716 	0.167375 	0.950000 	
2295.306716 	0.167375 	0.950000 	
