24
377.038318 	70.201991 	1113.870696 	581.680016 	
997.220942 	1821.328894 	1891.712098 	1887.791624 	
37.680346 	605.596601 	768.788839 	85.969721 	
424.857183 	198.068179 	1141.332971 	737.692279 	
1502.633133 	904.513639 	2382.679173 	1077.864990 	
1169.642936 	837.213884 	2066.582691 	842.763621 	
784.409601 	1231.382687 	1665.267968 	1062.207449 	
564.842334 	51.979873 	1362.291424 	462.597302 	
252.616858 	572.157551 	1100.721318 	280.180586 	
415.300286 	1263.424583 	1000.053078 	1943.568609 	
1332.228547 	2001.203675 	2226.899646 	1937.208765 	
626.046805 	1097.863123 	1458.527396 	763.935304 	
1508.676712 	993.739215 	2281.960279 	539.245816 	
854.961079 	2299.081958 	1745.150575 	2189.107481 	
7.080711 	1802.445293 	903.875063 	1819.521991 	
0.100000 	1083.673201 	790.223488 	949.843873 	
1696.696564 	589.666152 	2499.900000 	342.148933 	
1042.086706 	29.823728 	1916.854819 	228.097462 	
1805.821738 	2493.969919 	2499.900000 	2225.850099 	
757.713927 	1002.990702 	1649.397539 	1100.109498 	
1769.273610 	1537.049847 	2499.900000 	1443.671277 	
959.506475 	1173.260059 	1828.760131 	1394.460884 	
347.954402 	2497.279619 	1082.033515 	1981.857870 	
67.052172 	299.479832 	901.016971 	629.683464 	
1829.760545 	0.170251 	0.950000 	
1829.760545 	0.170251 	0.950000 	
1829.760545 	0.170251 	0.950000 	
1829.760545 	0.170251 	0.950000 	
1829.760545 	0.170251 	0.950000 	
1829.760545 	0.170251 	0.950000 	
1829.760545 	0.170251 	0.950000 	
1829.760545 	0.170251 	0.950000 	
1829.760545 	0.170251 	0.950000 	
1829.760545 	0.170251 	0.950000 	
1829.760545 	0.170251 	0.950000 	
1829.760545 	0.170251 	0.950000 	
1829.760545 	0.170251 	0.950000 	
1829.760545 	0.170251 	0.950000 	
1829.760545 	0.170251 	0.950000 	
1829.760545 	0.170251 	0.950000 	
1829.760545 	0.170251 	0.950000 	
1829.760545 	0.170251 	0.950000 	
1829.760545 	0.170251 	0.950000 	
1829.760545 	0.170251 	0.950000 	
1829.760545 	0.170251 	0.950000 	
1829.760545 	0.170251 	0.950000 	
1829.760545 	0.170251 	0.950000 	
1829.760545 	0.170251 	0.950000 	
