24
889.769711 	1655.061899 	1899.868071 	1245.839800 	
0.100000 	923.295266 	787.863708 	1253.660147 	
101.818776 	1047.337186 	1191.494784 	1028.163738 	
0.100000 	123.229942 	836.143730 	147.835087 	
1351.853671 	396.352048 	2317.231363 	902.126044 	
220.970804 	252.289124 	1042.346847 	968.601081 	
1641.106334 	1956.342955 	2499.900000 	1589.132465 	
1255.560081 	1751.195989 	2325.345043 	1543.057674 	
1338.527480 	279.791239 	2427.766652 	316.115469 	
575.998236 	181.072247 	1628.202188 	465.023419 	
379.470858 	0.100000 	1321.401776 	469.023524 	
1079.144130 	1717.620915 	2142.017767 	1958.579530 	
1429.807399 	1481.648174 	2499.900000 	1299.101797 	
1490.337798 	1876.926242 	2496.833963 	2294.929705 	
1513.349258 	141.951932 	2499.900000 	388.670393 	
1393.353886 	676.052795 	2480.993161 	606.754659 	
690.125231 	9.403455 	1750.479668 	261.216664 	
683.867486 	1598.263847 	1770.294553 	1684.505661 	
0.100000 	335.881470 	791.744454 	1051.301439 	
621.681024 	1826.413240 	1706.243123 	1719.238257 	
962.256577 	65.663481 	1919.964638 	585.814126 	
0.100000 	1065.212022 	957.016536 	1554.774348 	
404.542057 	227.964612 	1470.594985 	1.485959 	
252.538411 	109.411768 	1303.722178 	397.116672 	
2327.458337 	0.124068 	0.950000 	
2327.458337 	0.124068 	0.950000 	
2327.458337 	0.124068 	0.950000 	
2327.458337 	0.124068 	0.950000 	
2327.458337 	0.124068 	0.950000 	
2327.458337 	0.124068 	0.950000 	
2327.458337 	0.124068 	0.950000 	
2327.458337 	0.124068 	0.950000 	
2327.458337 	0.124068 	0.950000 	
2327.458337 	0.124068 	0.950000 	
2327.458337 	0.124068 	0.950000 	
2327.458337 	0.124068 	0.950000 	
2327.458337 	0.124068 	0.950000 	
2327.458337 	0.124068 	0.950000 	
2327.458337 	0.124068 	0.950000 	
2327.458337 	0.124068 	0.950000 	
2327.458337 	0.124068 	0.950000 	
2327.458337 	0.124068 	0.950000 	
2327.458337 	0.124068 	0.950000 	
2327.458337 	0.124068 	0.950000 	
2327.458337 	0.124068 	0.950000 	
2327.458337 	0.124068 	0.950000 	
2327.458337 	0.124068 	0.950000 	
2327.458337 	0.124068 	0.950000 	
