27
1530.234169 	2077.475960 	2416.545866 	2035.791846 	
1775.472578 	1835.627430 	2499.900000 	2195.320799 	
1333.198556 	715.488146 	2205.553186 	553.366622 	
561.950566 	2406.110757 	924.767227 	1596.388546 	
1198.563468 	1757.652725 	2006.506376 	1390.890888 	
1346.448683 	442.370018 	2190.773096 	715.137818 	
980.210497 	916.526221 	1864.548759 	988.857587 	
1565.656409 	835.625067 	2224.100659 	1430.383135 	
1664.125929 	1191.213753 	2499.900000 	1311.584038 	
1187.004788 	1638.640107 	1863.262724 	1064.217619 	
38.895743 	495.670221 	536.855727 	1230.055572 	
213.837484 	547.128073 	1023.525040 	910.022067 	
0.100000 	1999.465654 	676.190255 	1518.177297 	
1678.021340 	2296.742029 	2499.900000 	2373.650044 	
775.356817 	1493.192137 	1662.512617 	1477.681649 	
1415.423281 	1612.804252 	2263.718955 	1352.649611 	
827.869222 	2136.756676 	1499.472138 	1556.898493 	
825.093624 	1092.803574 	1651.743419 	770.412343 	
660.358447 	1085.434651 	1542.497363 	1180.917227 	
1600.428061 	1369.521229 	2466.660560 	1177.356594 	
1579.820163 	2468.303094 	2417.320317 	2175.251082 	
1072.737652 	1118.408831 	1959.863826 	1135.530202 	
603.611387 	1214.793202 	1065.505864 	1972.381138 	
391.773378 	1105.681617 	1274.939983 	1191.137672 	
317.447610 	1252.433134 	1164.552565 	1516.439163 	
1225.038572 	196.691856 	2092.353108 	9.471439 	
1435.996014 	2260.234935 	2162.451478 	1750.775960 	
2108.457399 	0.150963 	0.950000 	
2108.457399 	0.150963 	0.950000 	
2108.457399 	0.150963 	0.950000 	
2108.457399 	0.150963 	0.950000 	
2108.457399 	0.150963 	0.950000 	
2108.457399 	0.150963 	0.950000 	
2108.457399 	0.150963 	0.950000 	
2108.457399 	0.150963 	0.950000 	
2108.457399 	0.150963 	0.950000 	
2108.457399 	0.150963 	0.950000 	
2108.457399 	0.150963 	0.950000 	
2108.457399 	0.150963 	0.950000 	
2108.457399 	0.150963 	0.950000 	
2108.457399 	0.150963 	0.950000 	
2108.457399 	0.150963 	0.950000 	
2108.457399 	0.150963 	0.950000 	
2108.457399 	0.150963 	0.950000 	
2108.457399 	0.150963 	0.950000 	
2108.457399 	0.150963 	0.950000 	
2108.457399 	0.150963 	0.950000 	
2108.457399 	0.150963 	0.950000 	
2108.457399 	0.150963 	0.950000 	
2108.457399 	0.150963 	0.950000 	
2108.457399 	0.150963 	0.950000 	
2108.457399 	0.150963 	0.950000 	
2108.457399 	0.150963 	0.950000 	
2108.457399 	0.150963 	0.950000 	
