26
1325.947568 	2028.704564 	2286.254550 	1909.050279 	
1304.705946 	2474.193957 	2159.987909 	2021.425350 	
0.100000 	2089.907085 	885.088461 	1788.512414 	
741.426059 	2272.911699 	1640.276775 	1914.339479 	
381.739223 	1028.632487 	1289.579217 	693.471043 	
580.507355 	503.484545 	1546.894973 	452.478474 	
628.053383 	908.727096 	1592.895607 	983.467523 	
1544.348070 	823.220859 	2440.700491 	458.448348 	
1267.966351 	330.944070 	2061.034198 	0.100000 	
0.100000 	928.296736 	721.384387 	538.097188 	
0.100000 	487.118817 	769.427733 	714.995071 	
267.550677 	345.876193 	1180.426312 	667.068851 	
1036.522043 	1127.494399 	1856.539703 	613.609504 	
1623.038550 	1276.974045 	2499.900000 	1408.773938 	
442.703186 	396.999350 	1394.950770 	224.572013 	
684.513958 	655.706424 	1587.617798 	307.985125 	
0.100000 	1168.532630 	929.229274 	1274.565067 	
1267.148952 	1269.380892 	2093.455870 	765.671129 	
1278.920195 	2087.167586 	2107.633431 	1587.426633 	
1336.649539 	822.995311 	2293.234272 	676.529284 	
1838.264762 	2400.742392 	2429.915642 	1634.938315 	
0.100000 	2436.740095 	804.317061 	2131.582491 	
1432.961742 	2156.943734 	2268.439809 	1668.596473 	
814.398233 	1148.313255 	1552.755388 	522.745225 	
353.870797 	1964.595285 	1262.688602 	1632.094389 	
0.100000 	77.563305 	823.265945 	90.402518 	
2438.100785 	0.146405 	0.950000 	
2438.100785 	0.146405 	0.950000 	
2438.100785 	0.146405 	0.950000 	
2438.100785 	0.146405 	0.950000 	
2438.100785 	0.146405 	0.950000 	
2438.100785 	0.146405 	0.950000 	
2438.100785 	0.146405 	0.950000 	
2438.100785 	0.146405 	0.950000 	
2438.100785 	0.146405 	0.950000 	
2438.100785 	0.146405 	0.950000 	
2438.100785 	0.146405 	0.950000 	
2438.100785 	0.146405 	0.950000 	
2438.100785 	0.146405 	0.950000 	
2438.100785 	0.146405 	0.950000 	
2438.100785 	0.146405 	0.950000 	
2438.100785 	0.146405 	0.950000 	
2438.100785 	0.146405 	0.950000 	
2438.100785 	0.146405 	0.950000 	
2438.100785 	0.146405 	0.950000 	
2438.100785 	0.146405 	0.950000 	
2438.100785 	0.146405 	0.950000 	
2438.100785 	0.146405 	0.950000 	
2438.100785 	0.146405 	0.950000 	
2438.100785 	0.146405 	0.950000 	
2438.100785 	0.146405 	0.950000 	
2438.100785 	0.146405 	0.950000 	
