26
503.110750 	1983.325023 	1470.053821 	1694.657458 	
1291.873125 	2412.087949 	1992.318176 	1685.668927 	
1674.063606 	1899.097708 	2499.900000 	1505.992333 	
236.925499 	1055.610274 	1134.619503 	594.683666 	
1252.381992 	56.100154 	2259.633196 	117.360888 	
854.050125 	555.043029 	1725.303876 	45.901826 	
1339.833568 	972.733090 	2200.464503 	445.834372 	
1507.965720 	2067.492925 	2499.900000 	2123.686950 	
355.261753 	1910.011778 	1094.650933 	2499.900000 	
1653.837356 	1293.477842 	2499.900000 	956.258280 	
0.100000 	2499.900000 	712.924026 	2175.356635 	
1063.811751 	483.172322 	1682.245241 	0.100000 	
1556.559338 	2320.595711 	2499.900000 	1976.656388 	
90.776324 	1214.974058 	1077.188338 	1427.810150 	
597.094638 	2472.918395 	1603.876454 	2404.374691 	
399.254380 	2188.748841 	1408.330063 	2197.358713 	
898.408601 	270.564595 	1871.955245 	536.110816 	
1480.554588 	609.043018 	2327.394036 	1157.833336 	
666.595575 	491.511765 	1400.130495 	0.100000 	
995.351469 	1195.259659 	1990.051701 	1025.320517 	
1696.366266 	1245.497230 	2499.900000 	959.970715 	
1420.260270 	949.862479 	2393.622256 	683.640186 	
1608.748911 	2499.900000 	2144.860149 	1858.534500 	
1720.544505 	1483.958162 	2499.900000 	988.823424 	
166.780638 	1546.325690 	1065.698286 	2004.861324 	
1104.552258 	1527.122822 	2077.161003 	1796.083962 	
2142.683200 	0.122549 	0.950000 	
2142.683200 	0.122549 	0.950000 	
2142.683200 	0.122549 	0.950000 	
2142.683200 	0.122549 	0.950000 	
2142.683200 	0.122549 	0.950000 	
2142.683200 	0.122549 	0.950000 	
2142.683200 	0.122549 	0.950000 	
2142.683200 	0.122549 	0.950000 	
2142.683200 	0.122549 	0.950000 	
2142.683200 	0.122549 	0.950000 	
2142.683200 	0.122549 	0.950000 	
2142.683200 	0.122549 	0.950000 	
2142.683200 	0.122549 	0.950000 	
2142.683200 	0.122549 	0.950000 	
2142.683200 	0.122549 	0.950000 	
2142.683200 	0.122549 	0.950000 	
2142.683200 	0.122549 	0.950000 	
2142.683200 	0.122549 	0.950000 	
2142.683200 	0.122549 	0.950000 	
2142.683200 	0.122549 	0.950000 	
2142.683200 	0.122549 	0.950000 	
2142.683200 	0.122549 	0.950000 	
2142.683200 	0.122549 	0.950000 	
2142.683200 	0.122549 	0.950000 	
2142.683200 	0.122549 	0.950000 	
2142.683200 	0.122549 	0.950000 	
