26
1639.950829 	128.557860 	2499.900000 	188.130732 	
1351.866428 	116.781666 	2345.433984 	202.726690 	
648.060821 	2493.670986 	1602.844848 	2205.659705 	
0.100000 	1191.296164 	917.168179 	1409.625744 	
1660.266534 	175.512704 	2499.900000 	575.067372 	
509.632375 	1655.368183 	1503.872831 	1577.593184 	
1273.757856 	1526.678837 	2261.931460 	1392.231955 	
1368.715197 	682.623978 	2346.458448 	879.044877 	
1385.897926 	1839.464032 	2331.047193 	1521.256712 	
1054.715727 	678.043557 	1828.458596 	1307.237493 	
424.994695 	700.563745 	1374.953239 	397.015065 	
1248.076139 	597.675472 	2245.315539 	606.428426 	
727.715988 	1116.934637 	1678.171166 	814.944587 	
790.278618 	171.248262 	1772.083816 	0.100000 	
712.485255 	897.326732 	1707.893315 	836.287162 	
639.041831 	1185.253195 	1557.025531 	1574.956881 	
109.848887 	1476.059039 	1094.221432 	1316.141159 	
312.514029 	173.332036 	1309.712364 	160.741740 	
1507.699235 	1486.344567 	2499.900000 	1423.354169 	
1553.422185 	963.263521 	2441.999729 	1416.025029 	
878.048071 	2008.888396 	1580.298734 	1300.787384 	
976.137880 	1855.557551 	1948.988642 	2074.930361 	
1186.968388 	459.838413 	2183.780853 	490.300632 	
110.922380 	2499.900000 	949.171614 	2133.631960 	
917.500241 	1331.996828 	1914.713884 	1343.309888 	
141.568070 	2300.655470 	1138.432154 	2271.932084 	
2123.307557 	0.150300 	0.950000 	
2123.307557 	0.150300 	0.950000 	
2123.307557 	0.150300 	0.950000 	
2123.307557 	0.150300 	0.950000 	
2123.307557 	0.150300 	0.950000 	
2123.307557 	0.150300 	0.950000 	
2123.307557 	0.150300 	0.950000 	
2123.307557 	0.150300 	0.950000 	
2123.307557 	0.150300 	0.950000 	
2123.307557 	0.150300 	0.950000 	
2123.307557 	0.150300 	0.950000 	
2123.307557 	0.150300 	0.950000 	
2123.307557 	0.150300 	0.950000 	
2123.307557 	0.150300 	0.950000 	
2123.307557 	0.150300 	0.950000 	
2123.307557 	0.150300 	0.950000 	
2123.307557 	0.150300 	0.950000 	
2123.307557 	0.150300 	0.950000 	
2123.307557 	0.150300 	0.950000 	
2123.307557 	0.150300 	0.950000 	
2123.307557 	0.150300 	0.950000 	
2123.307557 	0.150300 	0.950000 	
2123.307557 	0.150300 	0.950000 	
2123.307557 	0.150300 	0.950000 	
2123.307557 	0.150300 	0.950000 	
2123.307557 	0.150300 	0.950000 	
