26
690.233013 	1323.712814 	1302.334055 	851.946051 	
1927.262691 	1982.216518 	2499.900000 	1497.772425 	
975.493224 	177.879317 	1698.330901 	0.100000 	
1086.284215 	636.311912 	1666.981852 	126.388566 	
246.824198 	2173.432766 	1004.770277 	2324.261495 	
294.736187 	105.221083 	1067.246328 	126.660424 	
862.937371 	0.100000 	1578.290211 	219.520996 	
305.405251 	1389.615762 	1072.597698 	1482.606694 	
1749.871749 	753.406054 	2497.618444 	948.614774 	
447.505789 	694.291265 	1162.992756 	402.212571 	
1792.003562 	2130.889717 	2499.900000 	2389.065555 	
1493.484041 	1711.918317 	2266.246002 	1703.520891 	
575.622274 	1027.859215 	1322.772945 	830.381523 	
0.100000 	835.774928 	641.654801 	1169.814255 	
562.077565 	400.864107 	1301.974607 	623.987240 	
633.439694 	622.685608 	1404.151554 	565.810361 	
52.452797 	2169.011774 	820.705704 	2252.791456 	
1806.308161 	2359.967507 	2499.900000 	2246.247771 	
264.860780 	2080.279083 	995.319049 	1827.965228 	
194.143292 	573.045144 	964.338563 	636.533796 	
879.851292 	1500.092366 	1648.274480 	1417.889146 	
884.594049 	563.576898 	1648.359044 	445.701554 	
0.100000 	262.897941 	735.458559 	372.440901 	
604.379382 	1791.133772 	1363.667422 	1647.212834 	
1036.372038 	2326.329403 	1802.816909 	2227.365653 	
1932.950313 	1642.117408 	2499.900000 	2112.582941 	
1846.794427 	0.124600 	0.950000 	
1846.794427 	0.124600 	0.950000 	
1846.794427 	0.124600 	0.950000 	
1846.794427 	0.124600 	0.950000 	
1846.794427 	0.124600 	0.950000 	
1846.794427 	0.124600 	0.950000 	
1846.794427 	0.124600 	0.950000 	
1846.794427 	0.124600 	0.950000 	
1846.794427 	0.124600 	0.950000 	
1846.794427 	0.124600 	0.950000 	
1846.794427 	0.124600 	0.950000 	
1846.794427 	0.124600 	0.950000 	
1846.794427 	0.124600 	0.950000 	
1846.794427 	0.124600 	0.950000 	
1846.794427 	0.124600 	0.950000 	
1846.794427 	0.124600 	0.950000 	
1846.794427 	0.124600 	0.950000 	
1846.794427 	0.124600 	0.950000 	
1846.794427 	0.124600 	0.950000 	
1846.794427 	0.124600 	0.950000 	
1846.794427 	0.124600 	0.950000 	
1846.794427 	0.124600 	0.950000 	
1846.794427 	0.124600 	0.950000 	
1846.794427 	0.124600 	0.950000 	
1846.794427 	0.124600 	0.950000 	
1846.794427 	0.124600 	0.950000 	
