24
318.095710 	2035.287473 	1128.972476 	1698.795549 	
793.382084 	1211.550120 	1510.070743 	1718.605649 	
192.124008 	2026.643166 	1049.679950 	1838.638512 	
459.612223 	973.733437 	1337.407022 	988.707854 	
355.160696 	1395.148465 	1200.725235 	1631.302130 	
1471.216609 	614.038233 	2349.092086 	623.126136 	
1223.548156 	855.820007 	2061.892030 	595.190976 	
565.594035 	0.100000 	1268.555541 	311.292070 	
1209.117321 	1258.333280 	1611.812646 	478.215073 	
394.183512 	273.861423 	1257.169303 	435.117335 	
413.519470 	784.125309 	1142.363173 	1273.548235 	
331.448012 	405.742530 	1208.157050 	359.599222 	
1165.631786 	2092.014044 	2042.688357 	2053.030524 	
863.534473 	1953.402345 	1715.771724 	1742.595298 	
149.964102 	0.100000 	657.050837 	605.509056 	
8.833701 	1790.471522 	714.547319 	2312.693921 	
328.533102 	573.533574 	1206.380176 	562.024472 	
693.078397 	311.094964 	1566.631278 	223.611776 	
402.104511 	1795.636060 	1235.051955 	1518.243741 	
1246.180143 	2137.223201 	1968.891257 	2499.900000 	
1794.690319 	2295.329808 	2499.900000 	1777.492488 	
1384.101232 	1704.587213 	2211.719125 	1411.676704 	
1089.804825 	895.864452 	1954.751210 	745.479300 	
1357.775066 	875.563661 	2156.550815 	511.276348 	
2141.486824 	0.148603 	0.950000 	
2141.486824 	0.148603 	0.950000 	
2141.486824 	0.148603 	0.950000 	
2141.486824 	0.148603 	0.950000 	
2141.486824 	0.148603 	0.950000 	
2141.486824 	0.148603 	0.950000 	
2141.486824 	0.148603 	0.950000 	
2141.486824 	0.148603 	0.950000 	
2141.486824 	0.148603 	0.950000 	
2141.486824 	0.148603 	0.950000 	
2141.486824 	0.148603 	0.950000 	
2141.486824 	0.148603 	0.950000 	
2141.486824 	0.148603 	0.950000 	
2141.486824 	0.148603 	0.950000 	
2141.486824 	0.148603 	0.950000 	
2141.486824 	0.148603 	0.950000 	
2141.486824 	0.148603 	0.950000 	
2141.486824 	0.148603 	0.950000 	
2141.486824 	0.148603 	0.950000 	
2141.486824 	0.148603 	0.950000 	
2141.486824 	0.148603 	0.950000 	
2141.486824 	0.148603 	0.950000 	
2141.486824 	0.148603 	0.950000 	
2141.486824 	0.148603 	0.950000 	
