24
1755.130061 	1443.283438 	2499.900000 	1842.557642 	
34.170645 	1538.088000 	943.361839 	1688.986751 	
820.958373 	2445.689296 	1648.704409 	2040.429428 	
543.888034 	2036.924762 	1401.365574 	2374.758047 	
729.865769 	862.938096 	1650.136193 	812.924033 	
0.100000 	935.504033 	809.063283 	1199.505609 	
450.027126 	1981.968142 	1370.019678 	2036.856801 	
496.600210 	2499.900000 	1061.481700 	1943.624277 	
320.837914 	2354.188730 	1162.832752 	1979.430471 	
1772.215455 	978.721636 	2499.900000 	1519.529727 	
0.100000 	1495.579945 	774.414519 	1426.835279 	
1614.721351 	2421.537308 	2499.900000 	2202.247699 	
528.816583 	366.079140 	1445.174233 	464.505348 	
1125.937731 	832.845423 	2024.223762 	1038.955268 	
1715.086262 	778.295452 	2499.900000 	518.744704 	
0.100000 	2020.963477 	895.748377 	2131.441107 	
1215.727307 	395.447552 	2025.535180 	0.100000 	
630.559626 	824.757172 	1519.202302 	580.394214 	
26.599068 	1499.683924 	920.555823 	1275.540264 	
774.118872 	1513.323072 	1693.221381 	1581.511330 	
836.763962 	709.468309 	1509.445573 	1339.467128 	
1555.885834 	539.116776 	2452.346731 	753.025450 	
1138.862838 	1203.289719 	2002.093872 	880.441080 	
441.647884 	1237.359577 	1170.211470 	672.918117 	
2298.789354 	0.160431 	0.950000 	
2298.789354 	0.160431 	0.950000 	
2298.789354 	0.160431 	0.950000 	
2298.789354 	0.160431 	0.950000 	
2298.789354 	0.160431 	0.950000 	
2298.789354 	0.160431 	0.950000 	
2298.789354 	0.160431 	0.950000 	
2298.789354 	0.160431 	0.950000 	
2298.789354 	0.160431 	0.950000 	
2298.789354 	0.160431 	0.950000 	
2298.789354 	0.160431 	0.950000 	
2298.789354 	0.160431 	0.950000 	
2298.789354 	0.160431 	0.950000 	
2298.789354 	0.160431 	0.950000 	
2298.789354 	0.160431 	0.950000 	
2298.789354 	0.160431 	0.950000 	
2298.789354 	0.160431 	0.950000 	
2298.789354 	0.160431 	0.950000 	
2298.789354 	0.160431 	0.950000 	
2298.789354 	0.160431 	0.950000 	
2298.789354 	0.160431 	0.950000 	
2298.789354 	0.160431 	0.950000 	
2298.789354 	0.160431 	0.950000 	
2298.789354 	0.160431 	0.950000 	
