27
257.417187 	1264.622071 	902.670801 	1807.324275 	
1618.295465 	1065.693510 	2455.160415 	1168.333480 	
1736.203454 	0.100000 	2499.900000 	145.771978 	
864.487832 	116.399314 	1705.381716 	54.955160 	
0.100000 	853.878345 	683.302983 	1139.973891 	
767.666730 	2499.900000 	1409.556564 	2175.286883 	
113.551985 	1538.165695 	874.788612 	1175.678862 	
1770.167551 	2455.969411 	2499.900000 	2105.965818 	
410.714999 	993.669540 	1170.006392 	627.125562 	
1788.630364 	385.880267 	2285.982559 	1066.702345 	
1712.467920 	1932.498930 	2368.298871 	2462.370303 	
1391.916149 	2049.434989 	2210.212174 	1846.285971 	
1652.402283 	913.259571 	2482.881428 	1058.800967 	
0.100000 	2460.745672 	619.113324 	1950.884163 	
1763.106417 	1179.551952 	2499.900000 	948.790420 	
0.100000 	1214.230204 	819.298786 	1117.659708 	
401.727836 	1011.884846 	1238.806015 	1112.771071 	
850.907895 	946.062644 	1601.560651 	1329.987567 	
1781.897039 	1637.384142 	2499.900000 	1839.738645 	
964.671428 	242.221845 	1807.781724 	235.669296 	
425.564612 	1636.026045 	1170.316749 	2031.275538 	
87.699562 	355.487926 	928.633880 	294.599668 	
152.683116 	1134.086683 	968.085127 	1348.556887 	
493.566907 	347.069892 	1081.680414 	951.222531 	
739.931060 	1666.117222 	1495.626699 	1292.216154 	
622.797184 	615.416942 	1460.816661 	522.673947 	
709.728191 	2499.900000 	1491.257775 	2229.609720 	
2198.024728 	0.140770 	0.950000 	
2198.024728 	0.140770 	0.950000 	
2198.024728 	0.140770 	0.950000 	
2198.024728 	0.140770 	0.950000 	
2198.024728 	0.140770 	0.950000 	
2198.024728 	0.140770 	0.950000 	
2198.024728 	0.140770 	0.950000 	
2198.024728 	0.140770 	0.950000 	
2198.024728 	0.140770 	0.950000 	
2198.024728 	0.140770 	0.950000 	
2198.024728 	0.140770 	0.950000 	
2198.024728 	0.140770 	0.950000 	
2198.024728 	0.140770 	0.950000 	
2198.024728 	0.140770 	0.950000 	
2198.024728 	0.140770 	0.950000 	
2198.024728 	0.140770 	0.950000 	
2198.024728 	0.140770 	0.950000 	
2198.024728 	0.140770 	0.950000 	
2198.024728 	0.140770 	0.950000 	
2198.024728 	0.140770 	0.950000 	
2198.024728 	0.140770 	0.950000 	
2198.024728 	0.140770 	0.950000 	
2198.024728 	0.140770 	0.950000 	
2198.024728 	0.140770 	0.950000 	
2198.024728 	0.140770 	0.950000 	
2198.024728 	0.140770 	0.950000 	
2198.024728 	0.140770 	0.950000 	
