26
0.100000 	972.409204 	929.477581 	1142.718841 	
755.715864 	432.758198 	2026.174504 	661.863219 	
0.100000 	1122.890719 	957.077078 	1360.932541 	
134.012055 	98.058052 	1424.958924 	101.290515 	
126.238176 	1010.128220 	1136.395561 	1813.954273 	
505.974830 	183.457921 	1791.223668 	62.256876 	
1176.918321 	2390.608155 	2397.702395 	1970.798062 	
868.857424 	2254.227600 	2142.887366 	2045.896198 	
302.330417 	556.458779 	1456.470754 	1134.830935 	
218.771337 	2240.073336 	1449.401201 	2499.900000 	
0.100000 	2100.247819 	984.790409 	2499.900000 	
0.100000 	2499.900000 	1237.081934 	2417.333482 	
1048.218757 	356.057555 	2336.902624 	432.530819 	
0.100000 	429.250167 	917.357144 	0.100000 	
1484.142117 	386.232858 	2499.900000 	854.666944 	
464.453378 	892.962805 	1754.254425 	838.487799 	
0.100000 	569.143412 	1054.764912 	597.550152 	
799.264021 	1639.558496 	1989.312434 	2139.897425 	
1271.785057 	633.980025 	2499.900000 	495.658385 	
308.476692 	1012.419767 	1580.994527 	1229.796460 	
1189.780028 	828.169403 	2429.775990 	469.053430 	
1035.229564 	998.317738 	2298.127357 	730.654832 	
800.956779 	2121.121076 	2062.812657 	2393.653663 	
360.742716 	85.369828 	1647.232069 	0.100000 	
510.379351 	702.879689 	1564.920748 	0.100000 	
475.487247 	1105.481905 	1737.748136 	834.831366 	
2098.565437 	0.154302 	0.950000 	
2098.565437 	0.154302 	0.950000 	
2098.565437 	0.154302 	0.950000 	
2098.565437 	0.154302 	0.950000 	
2098.565437 	0.154302 	0.950000 	
2098.565437 	0.154302 	0.950000 	
2098.565437 	0.154302 	0.950000 	
2098.565437 	0.154302 	0.950000 	
2098.565437 	0.154302 	0.950000 	
2098.565437 	0.154302 	0.950000 	
2098.565437 	0.154302 	0.950000 	
2098.565437 	0.154302 	0.950000 	
2098.565437 	0.154302 	0.950000 	
2098.565437 	0.154302 	0.950000 	
2098.565437 	0.154302 	0.950000 	
2098.565437 	0.154302 	0.950000 	
2098.565437 	0.154302 	0.950000 	
2098.565437 	0.154302 	0.950000 	
2098.565437 	0.154302 	0.950000 	
2098.565437 	0.154302 	0.950000 	
2098.565437 	0.154302 	0.950000 	
2098.565437 	0.154302 	0.950000 	
2098.565437 	0.154302 	0.950000 	
2098.565437 	0.154302 	0.950000 	
2098.565437 	0.154302 	0.950000 	
2098.565437 	0.154302 	0.950000 	
