27
1437.755849 	2288.994248 	2423.925938 	2499.900000 	
409.003673 	688.274966 	1440.983230 	770.813723 	
591.569567 	1462.213114 	1626.172951 	1499.499704 	
1320.241222 	1446.629700 	2354.873459 	1410.152518 	
16.055971 	1563.680152 	1050.213954 	1515.599809 	
950.326184 	1444.935565 	1982.081189 	1359.635745 	
1673.505210 	423.385173 	2499.900000 	975.911803 	
1058.089352 	151.783630 	1987.685696 	607.464537 	
0.100000 	1908.053015 	857.640014 	1757.009512 	
1150.741626 	0.100000 	2142.642875 	247.508200 	
259.940227 	2120.895292 	1268.497886 	1887.216240 	
1134.538500 	1159.835903 	2129.067516 	872.248546 	
459.318498 	2099.871537 	1493.400586 	2050.185651 	
817.844742 	2385.501474 	1849.692167 	2469.675953 	
189.356268 	1170.210995 	1199.211402 	942.204282 	
1623.833834 	411.992190 	2498.115482 	0.100000 	
504.801436 	1807.566528 	1489.363231 	2127.617344 	
0.100000 	1665.416018 	917.346973 	1484.969090 	
0.100000 	1267.381814 	829.476368 	1276.715110 	
999.750827 	1301.395947 	2007.852391 	1537.034839 	
1606.633236 	756.030078 	2499.900000 	789.924257 	
372.253553 	1863.234003 	1407.487630 	1872.445861 	
1227.804482 	769.221039 	2252.894430 	914.083212 	
322.190280 	2097.706343 	1333.523339 	2319.065540 	
0.100000 	950.328174 	1003.137344 	717.951424 	
765.462302 	1918.708685 	1790.861672 	2061.364159 	
522.009641 	1889.789890 	1528.037835 	2134.129254 	
1695.460894 	0.172948 	0.950000 	
1695.460894 	0.172948 	0.950000 	
1695.460894 	0.172948 	0.950000 	
1695.460894 	0.172948 	0.950000 	
1695.460894 	0.172948 	0.950000 	
1695.460894 	0.172948 	0.950000 	
1695.460894 	0.172948 	0.950000 	
1695.460894 	0.172948 	0.950000 	
1695.460894 	0.172948 	0.950000 	
1695.460894 	0.172948 	0.950000 	
1695.460894 	0.172948 	0.950000 	
1695.460894 	0.172948 	0.950000 	
1695.460894 	0.172948 	0.950000 	
1695.460894 	0.172948 	0.950000 	
1695.460894 	0.172948 	0.950000 	
1695.460894 	0.172948 	0.950000 	
1695.460894 	0.172948 	0.950000 	
1695.460894 	0.172948 	0.950000 	
1695.460894 	0.172948 	0.950000 	
1695.460894 	0.172948 	0.950000 	
1695.460894 	0.172948 	0.950000 	
1695.460894 	0.172948 	0.950000 	
1695.460894 	0.172948 	0.950000 	
1695.460894 	0.172948 	0.950000 	
1695.460894 	0.172948 	0.950000 	
1695.460894 	0.172948 	0.950000 	
1695.460894 	0.172948 	0.950000 	
