24
1771.274027 	363.458330 	2499.900000 	75.400473 	
1212.693034 	476.876301 	1879.329745 	1185.116509 	
843.651405 	1335.530462 	1815.451877 	1295.374015 	
228.236063 	622.954577 	1200.782949 	610.256043 	
1246.155828 	1409.417429 	2213.173081 	1305.079854 	
1541.852033 	1938.857452 	2499.900000 	1965.481801 	
1487.123370 	1365.564465 	2452.107134 	1243.847442 	
998.124288 	2499.900000 	1890.118867 	2135.997058 	
1082.272695 	274.226852 	2036.735879 	461.333049 	
1669.397115 	781.367788 	2490.658860 	1302.460721 	
631.332254 	665.457773 	1601.400069 	736.006560 	
363.824045 	1635.350914 	1295.218978 	1355.150672 	
1027.569103 	80.411626 	1999.960099 	101.962657 	
393.045409 	0.100000 	1288.641949 	348.897262 	
1122.178237 	493.824822 	1865.936925 	1120.587704 	
0.100000 	500.898473 	759.195877 	0.100000 	
1753.392225 	403.345744 	2499.900000 	446.877387 	
184.236114 	1010.257393 	1142.820483 	845.561601 	
989.492241 	0.100000 	1939.963584 	202.618545 	
460.015287 	1740.867146 	1430.506016 	1805.337621 	
1212.093898 	1714.768503 	2158.854373 	1491.938298 	
0.100000 	752.031006 	674.890325 	118.273295 	
0.100000 	378.570834 	815.757546 	0.100000 	
1631.537147 	1131.364693 	2499.900000 	901.932409 	
2235.148630 	0.138109 	0.950000 	
2235.148630 	0.138109 	0.950000 	
2235.148630 	0.138109 	0.950000 	
2235.148630 	0.138109 	0.950000 	
2235.148630 	0.138109 	0.950000 	
2235.148630 	0.138109 	0.950000 	
2235.148630 	0.138109 	0.950000 	
2235.148630 	0.138109 	0.950000 	
2235.148630 	0.138109 	0.950000 	
2235.148630 	0.138109 	0.950000 	
2235.148630 	0.138109 	0.950000 	
2235.148630 	0.138109 	0.950000 	
2235.148630 	0.138109 	0.950000 	
2235.148630 	0.138109 	0.950000 	
2235.148630 	0.138109 	0.950000 	
2235.148630 	0.138109 	0.950000 	
2235.148630 	0.138109 	0.950000 	
2235.148630 	0.138109 	0.950000 	
2235.148630 	0.138109 	0.950000 	
2235.148630 	0.138109 	0.950000 	
2235.148630 	0.138109 	0.950000 	
2235.148630 	0.138109 	0.950000 	
2235.148630 	0.138109 	0.950000 	
2235.148630 	0.138109 	0.950000 	
