24
1816.490716 	1345.795311 	2424.548456 	827.587302 	
548.580938 	460.845093 	1044.339283 	0.100000 	
1814.282953 	1190.228092 	2456.434071 	714.922192 	
1157.252230 	1958.800884 	1895.349776 	1653.046458 	
1601.743186 	168.019624 	2388.380097 	307.576521 	
603.083273 	1787.806182 	1365.209680 	1548.145806 	
323.167895 	754.385086 	1121.639725 	727.617686 	
229.371699 	1438.664422 	1019.901254 	1554.149398 	
999.577528 	586.499972 	1683.019532 	172.759977 	
382.833353 	1221.855002 	1137.632467 	960.030532 	
479.359506 	147.570094 	1243.934926 	0.100000 	
0.100000 	696.264284 	660.919614 	448.850450 	
1031.444008 	727.761971 	1818.508367 	590.636297 	
1794.590755 	1156.937347 	2499.900000 	1399.988813 	
1558.141004 	616.792144 	2341.249693 	458.632296 	
0.100000 	757.704086 	650.584441 	972.844868 	
1122.153022 	1816.315215 	1913.949135 	1922.770241 	
570.255289 	1003.981123 	1366.909252 	1064.116143 	
107.585083 	0.100000 	848.653378 	288.622432 	
1065.141694 	677.498005 	1598.130012 	1272.642702 	
747.884189 	968.560614 	1417.801344 	1403.859089 	
959.561123 	2296.067747 	1608.832866 	1830.535836 	
1631.403494 	676.581552 	2413.088012 	841.636304 	
196.266302 	2242.342858 	901.317331 	1866.607839 	
1757.858226 	0.106362 	0.950000 	
1757.858226 	0.106362 	0.950000 	
1757.858226 	0.106362 	0.950000 	
1757.858226 	0.106362 	0.950000 	
1757.858226 	0.106362 	0.950000 	
1757.858226 	0.106362 	0.950000 	
1757.858226 	0.106362 	0.950000 	
1757.858226 	0.106362 	0.950000 	
1757.858226 	0.106362 	0.950000 	
1757.858226 	0.106362 	0.950000 	
1757.858226 	0.106362 	0.950000 	
1757.858226 	0.106362 	0.950000 	
1757.858226 	0.106362 	0.950000 	
1757.858226 	0.106362 	0.950000 	
1757.858226 	0.106362 	0.950000 	
1757.858226 	0.106362 	0.950000 	
1757.858226 	0.106362 	0.950000 	
1757.858226 	0.106362 	0.950000 	
1757.858226 	0.106362 	0.950000 	
1757.858226 	0.106362 	0.950000 	
1757.858226 	0.106362 	0.950000 	
1757.858226 	0.106362 	0.950000 	
1757.858226 	0.106362 	0.950000 	
1757.858226 	0.106362 	0.950000 	
