23
111.794187 	2064.956447 	980.077684 	2121.023703 	
1300.291856 	2044.608477 	2131.367214 	1786.977895 	
136.865892 	176.978928 	962.701091 	450.942414 	
1505.286587 	339.078262 	2348.434788 	124.227432 	
926.385372 	1783.386210 	1755.082422 	1518.205201 	
1744.592981 	864.799516 	2499.900000 	1023.552406 	
0.100000 	419.361048 	809.403152 	119.600689 	
1713.787953 	1397.827588 	2499.900000 	1721.227228 	
608.439551 	1797.662192 	1329.256780 	1310.340645 	
0.100000 	2402.517850 	801.024095 	2155.619326 	
1878.425996 	1203.578693 	2485.307993 	1827.080104 	
1137.833137 	1355.786535 	1959.978485 	1070.941324 	
663.468292 	1521.109938 	1518.998995 	1362.595005 	
1010.421818 	2407.886198 	1875.341091 	2499.900000 	
513.378528 	1235.776461 	1374.975223 	1357.064975 	
507.560724 	474.651921 	862.945768 	1268.856705 	
0.100000 	2229.912778 	696.643401 	2499.900000 	
130.399124 	2499.900000 	983.302604 	2393.980048 	
576.440268 	2128.177269 	1417.088685 	2352.609904 	
1634.613394 	1623.534594 	2372.646694 	2084.367120 	
697.332103 	1670.256279 	1567.261145 	1653.426885 	
1273.713717 	2188.158293 	1777.365498 	1478.655191 	
593.726390 	1142.122265 	1457.500338 	1037.459309 	
2116.946717 	0.147832 	0.950000 	
2116.946717 	0.147832 	0.950000 	
2116.946717 	0.147832 	0.950000 	
2116.946717 	0.147832 	0.950000 	
2116.946717 	0.147832 	0.950000 	
2116.946717 	0.147832 	0.950000 	
2116.946717 	0.147832 	0.950000 	
2116.946717 	0.147832 	0.950000 	
2116.946717 	0.147832 	0.950000 	
2116.946717 	0.147832 	0.950000 	
2116.946717 	0.147832 	0.950000 	
2116.946717 	0.147832 	0.950000 	
2116.946717 	0.147832 	0.950000 	
2116.946717 	0.147832 	0.950000 	
2116.946717 	0.147832 	0.950000 	
2116.946717 	0.147832 	0.950000 	
2116.946717 	0.147832 	0.950000 	
2116.946717 	0.147832 	0.950000 	
2116.946717 	0.147832 	0.950000 	
2116.946717 	0.147832 	0.950000 	
2116.946717 	0.147832 	0.950000 	
2116.946717 	0.147832 	0.950000 	
2116.946717 	0.147832 	0.950000 	
