27
1614.036309 	2499.900000 	2499.900000 	2407.319658 	
1828.404339 	2499.900000 	2499.900000 	1914.795336 	
426.811354 	181.259589 	1398.006357 	0.100000 	
995.664812 	1881.350623 	1999.172125 	2021.224021 	
840.868005 	1418.270283 	1767.374869 	1008.176969 	
661.559827 	976.576695 	1674.766259 	974.522128 	
542.903359 	1780.816307 	1391.359144 	2334.634217 	
511.686002 	1884.185570 	1325.392203 	2487.902153 	
0.100000 	2460.940177 	921.787749 	2499.900000 	
641.704731 	164.729159 	1419.902742 	813.573787 	
234.714425 	2062.503047 	1222.661359 	2287.341544 	
735.445671 	629.505800 	1709.642286 	907.952293 	
1155.634779 	918.246844 	2144.739639 	1137.935423 	
27.402485 	2138.326165 	1021.678841 	1943.374828 	
1397.830571 	881.678999 	2408.038784 	959.594739 	
1613.937073 	963.245681 	2499.900000 	1167.831445 	
1454.773507 	0.617545 	2360.148521 	455.466507 	
950.362689 	2097.691292 	1489.448362 	1239.799614 	
1091.156455 	1994.999124 	2047.920600 	1661.541681 	
729.470292 	489.612485 	1596.134036 	1014.479563 	
596.831185 	716.708963 	1577.017032 	973.277084 	
0.100000 	1792.527734 	823.344814 	1879.084065 	
1607.721225 	2360.404948 	2499.900000 	2499.900000 	
0.100000 	1519.902784 	789.648217 	1973.952285 	
730.021770 	408.598267 	1674.218627 	41.060797 	
521.476420 	1095.426227 	1521.514519 	1258.261405 	
943.543031 	1929.497331 	1692.690306 	1247.317109 	
2019.233239 	0.175200 	0.950000 	
2019.233239 	0.175200 	0.950000 	
2019.233239 	0.175200 	0.950000 	
2019.233239 	0.175200 	0.950000 	
2019.233239 	0.175200 	0.950000 	
2019.233239 	0.175200 	0.950000 	
2019.233239 	0.175200 	0.950000 	
2019.233239 	0.175200 	0.950000 	
2019.233239 	0.175200 	0.950000 	
2019.233239 	0.175200 	0.950000 	
2019.233239 	0.175200 	0.950000 	
2019.233239 	0.175200 	0.950000 	
2019.233239 	0.175200 	0.950000 	
2019.233239 	0.175200 	0.950000 	
2019.233239 	0.175200 	0.950000 	
2019.233239 	0.175200 	0.950000 	
2019.233239 	0.175200 	0.950000 	
2019.233239 	0.175200 	0.950000 	
2019.233239 	0.175200 	0.950000 	
2019.233239 	0.175200 	0.950000 	
2019.233239 	0.175200 	0.950000 	
2019.233239 	0.175200 	0.950000 	
2019.233239 	0.175200 	0.950000 	
2019.233239 	0.175200 	0.950000 	
2019.233239 	0.175200 	0.950000 	
2019.233239 	0.175200 	0.950000 	
2019.233239 	0.175200 	0.950000 	
