17
813.894238 	132.467550 	1694.975567 	0.100000 	
1281.807175 	1297.269767 	2164.594619 	1525.382124 	
48.788927 	757.952843 	899.703751 	1085.508763 	
1632.765470 	1170.632661 	2405.194069 	686.171126 	
958.557914 	0.100000 	1659.644788 	344.458835 	
0.100000 	1725.242950 	716.823984 	1711.010264 	
196.937068 	1640.079872 	954.534588 	1132.738847 	
325.093940 	1989.317182 	1224.210271 	1837.861772 	
0.100000 	2093.332985 	768.892179 	1863.361812 	
1242.220541 	352.733096 	1986.037343 	880.071207 	
9.098146 	845.136422 	603.687710 	153.896833 	
816.713743 	1059.433078 	1683.083086 	775.262213 	
760.748646 	1729.939353 	1662.031092 	1867.920771 	
370.430560 	182.286282 	1243.684846 	444.537823 	
1064.788137 	1346.283451 	1797.178713 	803.187729 	
433.160022 	0.100000 	1216.503771 	274.186894 	
1702.010276 	417.101022 	2477.775000 	0.100000 	
1930.688138 	0.166857 	0.950000 	
1930.688138 	0.166857 	0.950000 	
1930.688138 	0.166857 	0.950000 	
1930.688138 	0.166857 	0.950000 	
1930.688138 	0.166857 	0.950000 	
1930.688138 	0.166857 	0.950000 	
1930.688138 	0.166857 	0.950000 	
1930.688138 	0.166857 	0.950000 	
1930.688138 	0.166857 	0.950000 	
1930.688138 	0.166857 	0.950000 	
1930.688138 	0.166857 	0.950000 	
1930.688138 	0.166857 	0.950000 	
1930.688138 	0.166857 	0.950000 	
1930.688138 	0.166857 	0.950000 	
1930.688138 	0.166857 	0.950000 	
1930.688138 	0.166857 	0.950000 	
1930.688138 	0.166857 	0.950000 	
