28
1270.604713 	772.772915 	2358.150619 	714.942798 	
0.100000 	341.160798 	889.218456 	612.228969 	
163.993928 	1995.461299 	1188.181262 	1625.136138 	
1338.964318 	2107.220321 	2267.211860 	2499.900000 	
1123.952591 	2090.969773 	2163.288015 	2416.365374 	
1527.462989 	1833.653483 	2499.900000 	1669.268759 	
939.902040 	1899.944163 	1995.628886 	2167.416120 	
794.783888 	2181.237302 	1883.443261 	2150.886166 	
1226.981889 	2092.408987 	2285.489085 	2348.656787 	
1480.217783 	723.213815 	2499.900000 	429.042691 	
1495.523918 	1513.883553 	2499.900000 	1618.494125 	
1436.508589 	753.862775 	2486.817213 	465.848514 	
1145.400129 	1379.831775 	2087.576986 	833.568842 	
540.324909 	2101.880807 	1590.132913 	1812.047106 	
0.100000 	1892.959273 	880.347332 	1686.187409 	
206.294848 	451.765686 	1247.416105 	771.401336 	
0.100000 	2066.928076 	774.996597 	1622.233386 	
485.255874 	2136.906038 	1541.543861 	2402.153300 	
1554.725847 	2297.712363 	2499.900000 	1913.450025 	
358.847715 	2209.168824 	1355.534810 	2499.900000 	
1440.431776 	338.683796 	2499.900000 	375.613661 	
0.681833 	2173.184256 	1088.008889 	2111.375731 	
384.929065 	2152.921395 	1354.721337 	1657.337529 	
595.787488 	2136.742973 	1577.188620 	1664.564788 	
127.857487 	1195.720027 	1212.845321 	1101.370567 	
1306.783773 	699.594109 	2263.035698 	1220.825992 	
190.693125 	256.098949 	1279.489773 	281.044461 	
1520.142928 	1349.347356 	2499.900000 	928.011690 	
1979.099193 	0.167378 	0.950000 	
1979.099193 	0.167378 	0.950000 	
1979.099193 	0.167378 	0.950000 	
1979.099193 	0.167378 	0.950000 	
1979.099193 	0.167378 	0.950000 	
1979.099193 	0.167378 	0.950000 	
1979.099193 	0.167378 	0.950000 	
1979.099193 	0.167378 	0.950000 	
1979.099193 	0.167378 	0.950000 	
1979.099193 	0.167378 	0.950000 	
1979.099193 	0.167378 	0.950000 	
1979.099193 	0.167378 	0.950000 	
1979.099193 	0.167378 	0.950000 	
1979.099193 	0.167378 	0.950000 	
1979.099193 	0.167378 	0.950000 	
1979.099193 	0.167378 	0.950000 	
1979.099193 	0.167378 	0.950000 	
1979.099193 	0.167378 	0.950000 	
1979.099193 	0.167378 	0.950000 	
1979.099193 	0.167378 	0.950000 	
1979.099193 	0.167378 	0.950000 	
1979.099193 	0.167378 	0.950000 	
1979.099193 	0.167378 	0.950000 	
1979.099193 	0.167378 	0.950000 	
1979.099193 	0.167378 	0.950000 	
1979.099193 	0.167378 	0.950000 	
1979.099193 	0.167378 	0.950000 	
1979.099193 	0.167378 	0.950000 	
