19
613.312372 	24.223663 	1676.580719 	128.550216 	
371.973002 	1032.809677 	1434.741464 	1142.111110 	
301.041006 	1558.034716 	1318.224154 	1231.290091 	
1620.755812 	1390.723288 	2499.900000 	1803.187359 	
521.478284 	3.869888 	1577.291368 	167.217179 	
488.784179 	1652.721295 	1528.908448 	1896.780941 	
911.212416 	524.681092 	1960.173382 	321.938651 	
0.100000 	1625.193504 	902.053597 	1341.718862 	
135.262200 	1617.666536 	1185.688448 	1422.658061 	
1213.051564 	2156.555333 	2181.421548 	1705.242602 	
877.315342 	249.532296 	1923.275109 	31.835783 	
137.890772 	1986.401582 	1163.039243 	2287.224153 	
1598.943715 	1374.353686 	2274.977666 	547.067942 	
687.467169 	1341.482475 	1507.452835 	656.612331 	
805.343905 	807.965926 	1873.659945 	819.121501 	
776.186095 	1319.756678 	1835.683440 	1457.193874 	
122.683185 	933.017111 	1117.748098 	544.083406 	
0.100000 	803.598434 	935.757319 	1027.001577 	
707.971352 	619.139235 	1648.403140 	1126.102409 	
1687.321070 	0.135389 	0.950000 	
1687.321070 	0.135389 	0.950000 	
1687.321070 	0.135389 	0.950000 	
1687.321070 	0.135389 	0.950000 	
1687.321070 	0.135389 	0.950000 	
1687.321070 	0.135389 	0.950000 	
1687.321070 	0.135389 	0.950000 	
1687.321070 	0.135389 	0.950000 	
1687.321070 	0.135389 	0.950000 	
1687.321070 	0.135389 	0.950000 	
1687.321070 	0.135389 	0.950000 	
1687.321070 	0.135389 	0.950000 	
1687.321070 	0.135389 	0.950000 	
1687.321070 	0.135389 	0.950000 	
1687.321070 	0.135389 	0.950000 	
1687.321070 	0.135389 	0.950000 	
1687.321070 	0.135389 	0.950000 	
1687.321070 	0.135389 	0.950000 	
1687.321070 	0.135389 	0.950000 	
