29
1743.775829 	1492.752071 	2499.900000 	2079.606108 	
505.988246 	1977.671963 	1365.493814 	1418.426314 	
1015.009889 	2362.854885 	2037.964949 	2434.048022 	
829.332123 	1436.842147 	1042.691125 	2439.829413 	
172.048096 	1562.479773 	1193.837488 	1476.155059 	
1319.006685 	2272.690494 	2325.795823 	2467.321302 	
1187.787444 	82.670104 	2204.572395 	215.538014 	
357.214084 	426.915979 	1258.141535 	916.645747 	
948.448123 	2253.783048 	1881.277592 	2499.900000 	
614.303959 	2116.720548 	1569.719167 	1744.313112 	
0.100000 	1276.238626 	939.269329 	1100.532873 	
0.100000 	1633.352989 	806.119345 	1771.144789 	
719.711734 	1054.094945 	1744.871482 	1030.578830 	
527.566802 	520.194370 	1085.501278 	1380.551644 	
424.387461 	445.294077 	1434.641195 	621.057869 	
319.533483 	869.686783 	1329.864956 	1045.003162 	
106.583218 	239.803841 	1077.029723 	0.100000 	
601.925134 	1432.642860 	1495.128123 	928.962466 	
1157.315325 	676.116178 	2133.282949 	990.747256 	
146.175758 	2479.289902 	1168.529991 	2399.934119 	
1086.507642 	1259.317756 	2078.798312 	1517.899937 	
650.506978 	2280.211348 	1621.757380 	1951.306841 	
635.284680 	843.463924 	1597.896383 	1196.853548 	
212.376517 	1490.087096 	988.581252 	820.003723 	
217.702429 	1769.853214 	1055.106819 	2361.680390 	
998.196320 	2310.693024 	1967.489007 	2499.900000 	
275.786129 	1287.697179 	1300.256303 	1332.041067 	
909.021523 	2499.900000 	1829.690203 	2087.829794 	
1633.088256 	1927.270808 	2499.900000 	1767.838500 	
2241.557887 	0.129329 	0.950000 	
2241.557887 	0.129329 	0.950000 	
2241.557887 	0.129329 	0.950000 	
2241.557887 	0.129329 	0.950000 	
2241.557887 	0.129329 	0.950000 	
2241.557887 	0.129329 	0.950000 	
2241.557887 	0.129329 	0.950000 	
2241.557887 	0.129329 	0.950000 	
2241.557887 	0.129329 	0.950000 	
2241.557887 	0.129329 	0.950000 	
2241.557887 	0.129329 	0.950000 	
2241.557887 	0.129329 	0.950000 	
2241.557887 	0.129329 	0.950000 	
2241.557887 	0.129329 	0.950000 	
2241.557887 	0.129329 	0.950000 	
2241.557887 	0.129329 	0.950000 	
2241.557887 	0.129329 	0.950000 	
2241.557887 	0.129329 	0.950000 	
2241.557887 	0.129329 	0.950000 	
2241.557887 	0.129329 	0.950000 	
2241.557887 	0.129329 	0.950000 	
2241.557887 	0.129329 	0.950000 	
2241.557887 	0.129329 	0.950000 	
2241.557887 	0.129329 	0.950000 	
2241.557887 	0.129329 	0.950000 	
2241.557887 	0.129329 	0.950000 	
2241.557887 	0.129329 	0.950000 	
2241.557887 	0.129329 	0.950000 	
2241.557887 	0.129329 	0.950000 	
