20
413.737585 	1359.147378 	1388.932831 	575.603092 	
0.100000 	557.240810 	916.147929 	0.100000 	
1245.168906 	2491.617677 	2496.109638 	2499.900000 	
433.505426 	1541.893550 	1664.730472 	1763.325940 	
956.477890 	410.946882 	2164.779311 	734.914617 	
811.807599 	483.995489 	1955.566395 	0.100000 	
0.100000 	1046.613011 	696.644800 	158.280300 	
944.053363 	2112.262718 	2161.352561 	2400.585594 	
259.047335 	564.049464 	1509.342041 	522.690479 	
156.393572 	1203.165955 	1407.341777 	1194.447811 	
553.343897 	2372.397150 	1788.448916 	2173.744165 	
875.508455 	560.794468 	2117.135305 	408.117743 	
1394.688702 	695.069988 	2312.725021 	1544.868044 	
747.980170 	1582.267189 	1996.676307 	1506.733243 	
0.100000 	1360.907746 	912.556388 	1610.157418 	
1425.523039 	2135.710035 	2248.638706 	1193.676058 	
274.381297 	1014.114128 	1317.973993 	324.286829 	
1299.573624 	1248.675650 	2492.071752 	870.660265 	
1002.659234 	1962.272880 	2251.559897 	2034.346103 	
838.613230 	2242.246625 	2076.996576 	2419.317526 	
1648.533298 	0.115437 	0.950000 	
1648.533298 	0.115437 	0.950000 	
1648.533298 	0.115437 	0.950000 	
1648.533298 	0.115437 	0.950000 	
1648.533298 	0.115437 	0.950000 	
1648.533298 	0.115437 	0.950000 	
1648.533298 	0.115437 	0.950000 	
1648.533298 	0.115437 	0.950000 	
1648.533298 	0.115437 	0.950000 	
1648.533298 	0.115437 	0.950000 	
1648.533298 	0.115437 	0.950000 	
1648.533298 	0.115437 	0.950000 	
1648.533298 	0.115437 	0.950000 	
1648.533298 	0.115437 	0.950000 	
1648.533298 	0.115437 	0.950000 	
1648.533298 	0.115437 	0.950000 	
1648.533298 	0.115437 	0.950000 	
1648.533298 	0.115437 	0.950000 	
1648.533298 	0.115437 	0.950000 	
1648.533298 	0.115437 	0.950000 	
