25
1556.530391 	1387.471892 	2499.900000 	1580.751402 	
1028.493363 	0.100000 	2017.147339 	500.117679 	
977.480304 	1200.615189 	2117.338183 	1285.088608 	
444.690116 	1975.332648 	1585.756755 	1909.161143 	
0.100000 	235.393043 	868.572108 	433.696570 	
941.123698 	2036.090162 	1931.141804 	1464.884514 	
1143.773309 	2021.807502 	2281.447610 	2131.848070 	
992.428695 	1376.197314 	2120.068479 	1189.541856 	
0.100000 	365.382467 	823.087046 	0.100000 	
1.163878 	1028.415374 	1110.999280 	755.144222 	
1193.648445 	2498.630313 	2328.966724 	2366.478327 	
670.624293 	384.311354 	1812.708581 	338.976788 	
464.279436 	2075.400675 	1573.196881 	1798.428037 	
275.127469 	752.642813 	1378.143820 	1052.253681 	
52.376290 	667.942049 	1193.089568 	739.948706 	
1642.591115 	1631.497300 	2499.900000 	1085.550223 	
553.822200 	1308.360016 	1538.403362 	727.832947 	
0.100000 	2116.579690 	1069.303065 	2484.939610 	
779.005713 	750.913989 	1886.484934 	1033.582552 	
0.100000 	457.465531 	854.686317 	105.080635 	
818.753892 	856.031824 	1875.046284 	419.387662 	
474.558363 	446.424917 	1611.796106 	331.960693 	
1201.099646 	2061.059770 	2342.682814 	2004.494629 	
4.257650 	1559.741255 	1146.880678 	1588.452884 	
711.117081 	1330.789858 	1661.283401 	1966.081686 	
1854.215160 	0.165414 	0.950000 	
1854.215160 	0.165414 	0.950000 	
1854.215160 	0.165414 	0.950000 	
1854.215160 	0.165414 	0.950000 	
1854.215160 	0.165414 	0.950000 	
1854.215160 	0.165414 	0.950000 	
1854.215160 	0.165414 	0.950000 	
1854.215160 	0.165414 	0.950000 	
1854.215160 	0.165414 	0.950000 	
1854.215160 	0.165414 	0.950000 	
1854.215160 	0.165414 	0.950000 	
1854.215160 	0.165414 	0.950000 	
1854.215160 	0.165414 	0.950000 	
1854.215160 	0.165414 	0.950000 	
1854.215160 	0.165414 	0.950000 	
1854.215160 	0.165414 	0.950000 	
1854.215160 	0.165414 	0.950000 	
1854.215160 	0.165414 	0.950000 	
1854.215160 	0.165414 	0.950000 	
1854.215160 	0.165414 	0.950000 	
1854.215160 	0.165414 	0.950000 	
1854.215160 	0.165414 	0.950000 	
1854.215160 	0.165414 	0.950000 	
1854.215160 	0.165414 	0.950000 	
1854.215160 	0.165414 	0.950000 	
