21
178.564952 	676.517651 	1104.217972 	637.786387 	
1579.151765 	558.666877 	2499.900000 	647.761187 	
1156.127812 	1530.803318 	2081.072773 	1583.816934 	
1144.400411 	1504.238583 	1982.985514 	1110.400228 	
1780.200470 	1140.692464 	2499.900000 	925.496268 	
0.100000 	666.624578 	764.221510 	422.335600 	
667.474430 	1976.693956 	1529.538651 	2316.074130 	
767.346822 	2176.304173 	1692.587870 	2128.737093 	
968.759224 	592.990361 	1865.258657 	826.704697 	
0.100000 	1430.605567 	867.034839 	1646.358678 	
1108.400733 	1983.708299 	2032.217787 	1913.739210 	
24.595813 	2499.900000 	684.625070 	2062.043286 	
905.126559 	2233.209104 	1822.195577 	2364.807127 	
1228.406491 	835.608152 	2119.694505 	1088.470366 	
782.673724 	541.528540 	1668.968777 	271.686542 	
1021.980032 	1994.955994 	1948.422551 	1988.801105 	
221.273642 	364.484127 	1133.836657 	204.601771 	
1177.684170 	110.086296 	1904.950478 	684.035197 	
548.086478 	895.131022 	1474.482687 	884.009560 	
0.100000 	2082.341248 	919.172712 	2156.451574 	
580.456453 	1642.227440 	1429.589622 	1271.678545 	
1728.687480 	0.164572 	0.950000 	
1728.687480 	0.164572 	0.950000 	
1728.687480 	0.164572 	0.950000 	
1728.687480 	0.164572 	0.950000 	
1728.687480 	0.164572 	0.950000 	
1728.687480 	0.164572 	0.950000 	
1728.687480 	0.164572 	0.950000 	
1728.687480 	0.164572 	0.950000 	
1728.687480 	0.164572 	0.950000 	
1728.687480 	0.164572 	0.950000 	
1728.687480 	0.164572 	0.950000 	
1728.687480 	0.164572 	0.950000 	
1728.687480 	0.164572 	0.950000 	
1728.687480 	0.164572 	0.950000 	
1728.687480 	0.164572 	0.950000 	
1728.687480 	0.164572 	0.950000 	
1728.687480 	0.164572 	0.950000 	
1728.687480 	0.164572 	0.950000 	
1728.687480 	0.164572 	0.950000 	
1728.687480 	0.164572 	0.950000 	
1728.687480 	0.164572 	0.950000 	
