19
1688.224488 	1889.102780 	2499.900000 	1666.539976 	
820.546368 	1624.360965 	1876.687764 	1498.503620 	
508.305902 	1128.988659 	1313.388536 	1824.054606 	
991.088405 	1464.120661 	1986.797815 	1838.069171 	
439.599747 	130.806428 	1502.946537 	106.966938 	
1299.978080 	610.405707 	2226.060094 	1133.518336 	
590.126804 	1340.464799 	1565.476191 	916.238102 	
707.849034 	674.768050 	1761.531384 	529.756935 	
1187.422628 	1507.510827 	2091.550304 	2067.714240 	
1753.563085 	1844.585946 	2499.900000 	2436.325514 	
395.427812 	553.320173 	1415.592030 	854.218303 	
1403.644557 	1725.771545 	2447.568176 	1929.482603 	
1210.362618 	465.735915 	2245.926291 	223.078547 	
1649.133170 	1938.451136 	2499.900000 	2245.162772 	
0.100000 	516.423632 	817.775905 	176.584947 	
445.408568 	1351.555787 	1482.067377 	1589.491140 	
1046.754617 	856.652311 	2103.860720 	974.131691 	
333.540284 	1786.824809 	1292.465953 	2246.972914 	
186.378750 	1347.976255 	1235.153520 	1170.927674 	
2158.635616 	0.132032 	0.950000 	
2158.635616 	0.132032 	0.950000 	
2158.635616 	0.132032 	0.950000 	
2158.635616 	0.132032 	0.950000 	
2158.635616 	0.132032 	0.950000 	
2158.635616 	0.132032 	0.950000 	
2158.635616 	0.132032 	0.950000 	
2158.635616 	0.132032 	0.950000 	
2158.635616 	0.132032 	0.950000 	
2158.635616 	0.132032 	0.950000 	
2158.635616 	0.132032 	0.950000 	
2158.635616 	0.132032 	0.950000 	
2158.635616 	0.132032 	0.950000 	
2158.635616 	0.132032 	0.950000 	
2158.635616 	0.132032 	0.950000 	
2158.635616 	0.132032 	0.950000 	
2158.635616 	0.132032 	0.950000 	
2158.635616 	0.132032 	0.950000 	
2158.635616 	0.132032 	0.950000 	
