25
729.539411 	227.316858 	1757.343302 	604.445681 	
1525.859118 	0.100000 	2208.749894 	801.880784 	
968.521519 	492.504577 	2062.953655 	521.232411 	
1171.007593 	2084.243336 	2082.598397 	2499.900000 	
1029.569692 	263.558288 	2028.711180 	0.100000 	
1295.670320 	2034.474119 	2121.616585 	2499.900000 	
1482.775674 	314.360294 	2456.607158 	0.100000 	
956.686679 	2441.832034 	2051.134839 	2413.721281 	
68.280782 	814.054910 	1154.084710 	673.923474 	
904.007134 	1551.410820 	1889.219051 	1073.954576 	
100.371075 	2424.828455 	1053.893550 	1886.867603 	
1532.239533 	2103.549705 	2499.900000 	2378.474812 	
0.100000 	756.563053 	872.633132 	188.489724 	
453.794939 	1926.868204 	1400.343662 	1376.729583 	
916.743684 	2118.279578 	1905.726506 	2499.900000 	
653.065881 	2438.903205 	1747.874749 	2439.632423 	
1319.309900 	188.521364 	2401.972045 	351.154901 	
798.085217 	636.982656 	1825.027346 	257.513484 	
158.849939 	1908.640419 	1250.391387 	1824.116717 	
1125.537160 	57.849201 	2212.402741 	189.493411 	
1.043720 	142.240775 	1093.486493 	214.183635 	
1148.322931 	869.255523 	1984.141794 	1576.372075 	
986.917677 	2257.551669 	2049.012514 	1991.917438 	
162.156866 	2499.900000 	1255.068140 	2460.385851 	
96.024942 	0.100000 	1132.887119 	186.711305 	
1605.252485 	0.142162 	0.950000 	
1605.252485 	0.142162 	0.950000 	
1605.252485 	0.142162 	0.950000 	
1605.252485 	0.142162 	0.950000 	
1605.252485 	0.142162 	0.950000 	
1605.252485 	0.142162 	0.950000 	
1605.252485 	0.142162 	0.950000 	
1605.252485 	0.142162 	0.950000 	
1605.252485 	0.142162 	0.950000 	
1605.252485 	0.142162 	0.950000 	
1605.252485 	0.142162 	0.950000 	
1605.252485 	0.142162 	0.950000 	
1605.252485 	0.142162 	0.950000 	
1605.252485 	0.142162 	0.950000 	
1605.252485 	0.142162 	0.950000 	
1605.252485 	0.142162 	0.950000 	
1605.252485 	0.142162 	0.950000 	
1605.252485 	0.142162 	0.950000 	
1605.252485 	0.142162 	0.950000 	
1605.252485 	0.142162 	0.950000 	
1605.252485 	0.142162 	0.950000 	
1605.252485 	0.142162 	0.950000 	
1605.252485 	0.142162 	0.950000 	
1605.252485 	0.142162 	0.950000 	
1605.252485 	0.142162 	0.950000 	
