27
263.230355 	1561.831077 	1496.737992 	1715.536303 	
66.220006 	1622.368036 	1119.281826 	2282.843009 	
853.902314 	2375.586890 	2017.725433 	1938.915236 	
954.014710 	2076.185327 	2176.417338 	1850.579032 	
330.601592 	1011.599418 	1565.249180 	1155.862096 	
0.100000 	956.411867 	972.811264 	782.694368 	
0.100000 	274.971027 	950.685336 	1.971724 	
0.100000 	1875.114520 	958.534798 	2222.092693 	
0.100000 	388.181232 	1002.238908 	142.020459 	
0.100000 	0.100000 	895.410115 	111.222141 	
1577.445134 	732.322958 	2499.900000 	642.888804 	
1107.149427 	2462.776860 	2332.037457 	2251.079664 	
1143.240612 	1574.644264 	2366.301847 	1796.652376 	
0.100000 	893.251746 	934.094303 	1035.040229 	
41.214416 	2499.900000 	929.210052 	1707.443278 	
156.584036 	1769.572049 	1388.629043 	1604.552391 	
1470.118132 	1775.699628 	2499.900000 	1264.784962 	
1573.198601 	1071.262810 	2499.900000 	1125.866375 	
1641.130284 	2499.900000 	2499.900000 	2230.407581 	
322.058525 	2060.722057 	1565.086528 	2053.810435 	
286.881583 	0.100000 	1382.326959 	320.002650 	
136.666770 	0.100000 	1112.322858 	739.159217 	
1145.083015 	1015.300809 	2327.510330 	1398.748369 	
1182.944671 	1816.497118 	2189.130219 	1086.595049 	
106.606622 	393.857502 	1148.972280 	1071.087318 	
550.923013 	842.498314 	1684.828205 	1351.836514 	
0.100000 	933.907957 	959.634260 	1057.417978 	
1907.809588 	0.185874 	0.950000 	
1907.809588 	0.185874 	0.950000 	
1907.809588 	0.185874 	0.950000 	
1907.809588 	0.185874 	0.950000 	
1907.809588 	0.185874 	0.950000 	
1907.809588 	0.185874 	0.950000 	
1907.809588 	0.185874 	0.950000 	
1907.809588 	0.185874 	0.950000 	
1907.809588 	0.185874 	0.950000 	
1907.809588 	0.185874 	0.950000 	
1907.809588 	0.185874 	0.950000 	
1907.809588 	0.185874 	0.950000 	
1907.809588 	0.185874 	0.950000 	
1907.809588 	0.185874 	0.950000 	
1907.809588 	0.185874 	0.950000 	
1907.809588 	0.185874 	0.950000 	
1907.809588 	0.185874 	0.950000 	
1907.809588 	0.185874 	0.950000 	
1907.809588 	0.185874 	0.950000 	
1907.809588 	0.185874 	0.950000 	
1907.809588 	0.185874 	0.950000 	
1907.809588 	0.185874 	0.950000 	
1907.809588 	0.185874 	0.950000 	
1907.809588 	0.185874 	0.950000 	
1907.809588 	0.185874 	0.950000 	
1907.809588 	0.185874 	0.950000 	
1907.809588 	0.185874 	0.950000 	
