26
0.100000 	1434.715424 	931.168800 	1034.575453 	
1683.574834 	1432.521193 	2499.900000 	1710.822016 	
839.331837 	1933.677404 	1926.381838 	1832.054099 	
147.110905 	1563.194594 	1183.606654 	1906.242057 	
0.100000 	190.637757 	965.650107 	493.764915 	
0.100000 	2211.827759 	918.101303 	2322.982764 	
0.100000 	895.086992 	844.966625 	999.295949 	
374.876747 	1376.424762 	1461.631021 	1271.686285 	
838.108104 	2323.734782 	1889.118294 	2499.900000 	
1429.650953 	2499.900000 	2454.106731 	2206.780497 	
958.478427 	2074.832136 	2048.538460 	2013.398247 	
904.405450 	1084.747028 	1995.048989 	1034.730326 	
133.055476 	2136.176752 	1209.489121 	1953.705915 	
219.053807 	1199.113640 	1296.605520 	1023.365793 	
1021.018843 	1068.923347 	2086.876002 	832.378390 	
374.123148 	1653.395006 	1441.543936 	1882.780840 	
837.345532 	301.793977 	1755.350268 	892.786619 	
4.499748 	209.103835 	994.366485 	669.721728 	
680.479161 	864.548091 	1630.305980 	326.185747 	
1690.025301 	680.786431 	2499.900000 	737.171663 	
509.090353 	17.454294 	1587.824951 	185.789275 	
0.100000 	1559.546829 	888.836440 	1197.536590 	
291.092039 	2390.320984 	1380.752985 	2322.173929 	
827.832322 	1826.146666 	1881.254979 	2113.036375 	
1223.337873 	806.155787 	2237.171244 	401.005325 	
340.955981 	1746.701894 	1432.662006 	1733.175844 	
1980.251097 	0.171194 	0.950000 	
1980.251097 	0.171194 	0.950000 	
1980.251097 	0.171194 	0.950000 	
1980.251097 	0.171194 	0.950000 	
1980.251097 	0.171194 	0.950000 	
1980.251097 	0.171194 	0.950000 	
1980.251097 	0.171194 	0.950000 	
1980.251097 	0.171194 	0.950000 	
1980.251097 	0.171194 	0.950000 	
1980.251097 	0.171194 	0.950000 	
1980.251097 	0.171194 	0.950000 	
1980.251097 	0.171194 	0.950000 	
1980.251097 	0.171194 	0.950000 	
1980.251097 	0.171194 	0.950000 	
1980.251097 	0.171194 	0.950000 	
1980.251097 	0.171194 	0.950000 	
1980.251097 	0.171194 	0.950000 	
1980.251097 	0.171194 	0.950000 	
1980.251097 	0.171194 	0.950000 	
1980.251097 	0.171194 	0.950000 	
1980.251097 	0.171194 	0.950000 	
1980.251097 	0.171194 	0.950000 	
1980.251097 	0.171194 	0.950000 	
1980.251097 	0.171194 	0.950000 	
1980.251097 	0.171194 	0.950000 	
1980.251097 	0.171194 	0.950000 	
