23
1627.683769 	1410.916060 	2472.247416 	1502.817972 	
218.998533 	2061.032795 	1054.736475 	2213.596900 	
1335.623165 	123.402128 	2182.075160 	50.926373 	
538.337437 	2082.902904 	1346.705429 	2344.197574 	
735.742739 	1257.812859 	1438.758919 	780.841198 	
173.950587 	264.982794 	948.928734 	0.100000 	
1736.632291 	2262.258874 	2039.370045 	1468.480840 	
1083.945779 	300.703203 	1915.748333 	473.440651 	
1334.109752 	520.940641 	2120.131935 	198.601002 	
1437.547109 	1557.051678 	2282.902574 	1472.743588 	
0.100000 	472.221125 	776.291797 	800.183095 	
1726.891298 	801.876834 	2499.900000 	818.894191 	
826.717057 	1077.579519 	1663.590987 	931.375070 	
1358.878657 	1154.861019 	2161.704961 	877.005588 	
1311.926570 	1005.514248 	2157.693713 	925.441445 	
1499.335491 	1424.867821 	2325.182812 	1624.141298 	
211.330024 	655.468404 	914.677363 	178.985209 	
739.995875 	481.629931 	1589.239007 	458.830435 	
1081.318451 	108.106007 	1891.083534 	365.038343 	
1754.005246 	1032.850194 	2474.728174 	583.081170 	
1509.992482 	1813.617851 	2330.360460 	2034.366795 	
1631.270373 	472.687776 	2450.423693 	697.902236 	
1015.495678 	1995.136147 	1814.578420 	1706.691202 	
2086.627880 	0.166165 	0.950000 	
2086.627880 	0.166165 	0.950000 	
2086.627880 	0.166165 	0.950000 	
2086.627880 	0.166165 	0.950000 	
2086.627880 	0.166165 	0.950000 	
2086.627880 	0.166165 	0.950000 	
2086.627880 	0.166165 	0.950000 	
2086.627880 	0.166165 	0.950000 	
2086.627880 	0.166165 	0.950000 	
2086.627880 	0.166165 	0.950000 	
2086.627880 	0.166165 	0.950000 	
2086.627880 	0.166165 	0.950000 	
2086.627880 	0.166165 	0.950000 	
2086.627880 	0.166165 	0.950000 	
2086.627880 	0.166165 	0.950000 	
2086.627880 	0.166165 	0.950000 	
2086.627880 	0.166165 	0.950000 	
2086.627880 	0.166165 	0.950000 	
2086.627880 	0.166165 	0.950000 	
2086.627880 	0.166165 	0.950000 	
2086.627880 	0.166165 	0.950000 	
2086.627880 	0.166165 	0.950000 	
2086.627880 	0.166165 	0.950000 	
