24
122.846449 	1668.297735 	720.831490 	860.164508 	
631.039476 	246.614279 	1519.674183 	0.100000 	
1807.729283 	757.929906 	2499.900000 	184.413836 	
726.722709 	2043.082340 	1714.312531 	1855.114879 	
1188.580036 	1941.006498 	1758.908671 	1113.123251 	
0.100000 	1912.439186 	770.382932 	2049.845117 	
1320.567987 	1907.637777 	2253.638084 	2281.864469 	
1314.233442 	1996.246990 	2152.004729 	1440.545007 	
182.594294 	227.307514 	1186.792700 	179.862987 	
552.026014 	2115.326732 	1537.259576 	1915.376113 	
281.167498 	430.053328 	1269.087995 	243.831648 	
0.100000 	1269.290744 	885.281027 	1580.281001 	
189.546893 	1481.150405 	1190.932081 	1392.307126 	
729.963579 	152.328455 	1709.976470 	0.100000 	
824.204572 	2499.900000 	1736.980373 	2126.413627 	
1425.785760 	1516.242664 	2430.250909 	1557.657469 	
576.968357 	1613.729879 	1575.639910 	1729.144572 	
552.129688 	1033.456717 	1556.572602 	1075.407328 	
1657.541962 	1687.421413 	2499.900000 	1826.414455 	
438.179047 	1034.173452 	1402.213656 	1319.309728 	
55.246056 	824.780380 	979.754752 	1219.684285 	
1151.612187 	2499.900000 	2130.133585 	2356.306378 	
1593.186602 	1195.790634 	2499.900000 	1230.463066 	
730.460838 	203.442686 	1719.637718 	382.871010 	
2068.619984 	0.129549 	0.950000 	
2068.619984 	0.129549 	0.950000 	
2068.619984 	0.129549 	0.950000 	
2068.619984 	0.129549 	0.950000 	
2068.619984 	0.129549 	0.950000 	
2068.619984 	0.129549 	0.950000 	
2068.619984 	0.129549 	0.950000 	
2068.619984 	0.129549 	0.950000 	
2068.619984 	0.129549 	0.950000 	
2068.619984 	0.129549 	0.950000 	
2068.619984 	0.129549 	0.950000 	
2068.619984 	0.129549 	0.950000 	
2068.619984 	0.129549 	0.950000 	
2068.619984 	0.129549 	0.950000 	
2068.619984 	0.129549 	0.950000 	
2068.619984 	0.129549 	0.950000 	
2068.619984 	0.129549 	0.950000 	
2068.619984 	0.129549 	0.950000 	
2068.619984 	0.129549 	0.950000 	
2068.619984 	0.129549 	0.950000 	
2068.619984 	0.129549 	0.950000 	
2068.619984 	0.129549 	0.950000 	
2068.619984 	0.129549 	0.950000 	
2068.619984 	0.129549 	0.950000 	
