22
230.872408 	0.100000 	1322.934453 	159.189829 	
1719.255773 	1566.799017 	2499.900000 	1197.368720 	
1143.536387 	2499.900000 	2198.626084 	2153.766233 	
173.035523 	981.933226 	1199.325816 	1426.928282 	
981.085581 	910.434515 	2085.365169 	731.943743 	
0.100000 	2256.212775 	993.201949 	1759.195659 	
804.154108 	348.230148 	1922.571253 	369.097678 	
1308.936503 	409.944282 	2342.936323 	0.100000 	
660.016690 	1484.023323 	1497.991012 	743.016306 	
0.100000 	1234.594900 	972.133059 	1092.956781 	
990.568630 	2194.932024 	1857.858253 	1488.461165 	
970.314709 	1782.457186 	2086.751147 	1712.728835 	
170.711473 	1784.597764 	829.907452 	880.853871 	
1446.506449 	682.087938 	2499.900000 	349.527964 	
671.620178 	469.646788 	1779.516965 	315.189438 	
247.675200 	1079.811981 	1356.396075 	931.385618 	
313.927066 	1075.940429 	1431.959478 	1111.938912 	
1085.371895 	2499.900000 	2080.894932 	2182.596794 	
691.745661 	2285.939063 	1808.646654 	2347.781899 	
580.269617 	732.070965 	1696.284469 	808.249794 	
363.408739 	2310.213697 	1438.921299 	2002.699311 	
1290.127354 	848.834093 	1473.567405 	1952.302313 	
2185.025671 	0.150278 	0.950000 	
2185.025671 	0.150278 	0.950000 	
2185.025671 	0.150278 	0.950000 	
2185.025671 	0.150278 	0.950000 	
2185.025671 	0.150278 	0.950000 	
2185.025671 	0.150278 	0.950000 	
2185.025671 	0.150278 	0.950000 	
2185.025671 	0.150278 	0.950000 	
2185.025671 	0.150278 	0.950000 	
2185.025671 	0.150278 	0.950000 	
2185.025671 	0.150278 	0.950000 	
2185.025671 	0.150278 	0.950000 	
2185.025671 	0.150278 	0.950000 	
2185.025671 	0.150278 	0.950000 	
2185.025671 	0.150278 	0.950000 	
2185.025671 	0.150278 	0.950000 	
2185.025671 	0.150278 	0.950000 	
2185.025671 	0.150278 	0.950000 	
2185.025671 	0.150278 	0.950000 	
2185.025671 	0.150278 	0.950000 	
2185.025671 	0.150278 	0.950000 	
2185.025671 	0.150278 	0.950000 	
