27
498.087019 	916.965667 	1404.821395 	394.093072 	
1808.845570 	1921.871753 	2447.160678 	1092.343694 	
1561.014840 	2060.038914 	2442.756406 	1496.039988 	
831.449022 	486.020345 	1869.176350 	622.713325 	
977.772703 	213.430396 	2012.127641 	373.657858 	
908.954764 	649.347699 	1939.224054 	834.031667 	
142.823674 	823.709836 	1188.145497 	770.181674 	
330.507935 	1022.698328 	1374.477386 	1098.135471 	
677.623305 	1366.934190 	1706.070089 	1172.357233 	
217.331084 	39.993277 	1204.621557 	387.585709 	
1488.329296 	922.909918 	2388.905875 	389.501255 	
124.515865 	1909.516944 	1154.541294 	2095.556170 	
207.296520 	244.263917 	1196.390604 	0.100000 	
72.589440 	2390.762220 	1110.242748 	2253.508477 	
194.265246 	1713.110712 	1216.391945 	1938.543602 	
641.020219 	1013.848318 	1601.774518 	1429.196551 	
398.460781 	1668.703219 	1345.948365 	1223.922086 	
1636.246220 	344.575762 	2499.900000 	841.842137 	
604.556294 	1012.965691 	1616.273271 	1281.278450 	
96.472764 	2421.667248 	1142.792517 	2393.775448 	
1537.953378 	1407.096357 	2499.900000 	1326.932237 	
1688.060700 	1347.507055 	2499.900000 	1258.172099 	
608.097272 	641.132857 	1647.382620 	516.839076 	
0.100000 	1217.508148 	995.562737 	1226.980572 	
242.889824 	1549.609874 	1289.368960 	1570.690567 	
571.389578 	1531.030494 	1563.489807 	1864.647210 	
1007.750621 	693.439325 	1871.833675 	1284.136754 	
1958.057332 	0.162504 	0.950000 	
1958.057332 	0.162504 	0.950000 	
1958.057332 	0.162504 	0.950000 	
1958.057332 	0.162504 	0.950000 	
1958.057332 	0.162504 	0.950000 	
1958.057332 	0.162504 	0.950000 	
1958.057332 	0.162504 	0.950000 	
1958.057332 	0.162504 	0.950000 	
1958.057332 	0.162504 	0.950000 	
1958.057332 	0.162504 	0.950000 	
1958.057332 	0.162504 	0.950000 	
1958.057332 	0.162504 	0.950000 	
1958.057332 	0.162504 	0.950000 	
1958.057332 	0.162504 	0.950000 	
1958.057332 	0.162504 	0.950000 	
1958.057332 	0.162504 	0.950000 	
1958.057332 	0.162504 	0.950000 	
1958.057332 	0.162504 	0.950000 	
1958.057332 	0.162504 	0.950000 	
1958.057332 	0.162504 	0.950000 	
1958.057332 	0.162504 	0.950000 	
1958.057332 	0.162504 	0.950000 	
1958.057332 	0.162504 	0.950000 	
1958.057332 	0.162504 	0.950000 	
1958.057332 	0.162504 	0.950000 	
1958.057332 	0.162504 	0.950000 	
1958.057332 	0.162504 	0.950000 	
