26
1835.576934 	0.100000 	2496.723079 	593.167183 	
1202.292680 	1477.253493 	2189.900657 	1501.846623 	
1503.769065 	880.809334 	2455.462382 	615.754302 	
835.698514 	2116.505437 	1757.300862 	1760.663546 	
0.100000 	1664.784777 	845.981056 	1547.164849 	
1683.357416 	533.380753 	2499.900000 	364.351930 	
1144.040771 	505.481724 	2044.791370 	911.218952 	
69.497448 	0.100000 	692.369576 	723.044394 	
1770.494460 	1637.527220 	2499.900000 	1179.950310 	
347.108341 	397.475743 	1332.271782 	323.805316 	
1657.585804 	2181.381004 	2499.900000 	2098.886103 	
219.600700 	394.900838 	974.078767 	0.100000 	
0.100000 	2091.809816 	744.594745 	2159.809497 	
1522.615987 	679.222853 	2491.205764 	484.779594 	
1471.277898 	2004.770967 	2430.869119 	1769.911374 	
481.112432 	0.100000 	1364.523552 	362.086423 	
0.100000 	1642.619802 	924.145593 	1895.612216 	
1032.286957 	599.456741 	1980.189457 	321.149019 	
585.268269 	2321.452775 	1516.398518 	2499.900000 	
1617.341270 	1363.189693 	2499.900000 	1220.308824 	
1531.785744 	1464.309037 	2490.636894 	1226.446031 	
994.214021 	681.828317 	1982.109406 	675.741661 	
1582.658282 	1137.385469 	2493.104764 	753.899433 	
180.388320 	1358.625364 	1155.824887 	1202.107500 	
282.774809 	1388.100955 	1250.416205 	1188.991771 	
0.100000 	1227.103391 	749.161066 	1117.565003 	
2394.740477 	0.165431 	0.950000 	
2394.740477 	0.165431 	0.950000 	
2394.740477 	0.165431 	0.950000 	
2394.740477 	0.165431 	0.950000 	
2394.740477 	0.165431 	0.950000 	
2394.740477 	0.165431 	0.950000 	
2394.740477 	0.165431 	0.950000 	
2394.740477 	0.165431 	0.950000 	
2394.740477 	0.165431 	0.950000 	
2394.740477 	0.165431 	0.950000 	
2394.740477 	0.165431 	0.950000 	
2394.740477 	0.165431 	0.950000 	
2394.740477 	0.165431 	0.950000 	
2394.740477 	0.165431 	0.950000 	
2394.740477 	0.165431 	0.950000 	
2394.740477 	0.165431 	0.950000 	
2394.740477 	0.165431 	0.950000 	
2394.740477 	0.165431 	0.950000 	
2394.740477 	0.165431 	0.950000 	
2394.740477 	0.165431 	0.950000 	
2394.740477 	0.165431 	0.950000 	
2394.740477 	0.165431 	0.950000 	
2394.740477 	0.165431 	0.950000 	
2394.740477 	0.165431 	0.950000 	
2394.740477 	0.165431 	0.950000 	
2394.740477 	0.165431 	0.950000 	
