25
1296.577623 	102.798536 	2100.087059 	278.565911 	
1162.394798 	1507.245515 	1792.334594 	2036.109806 	
1417.645746 	484.871184 	2214.227024 	689.761036 	
1000.080958 	847.844611 	1766.401372 	1146.633177 	
1465.356780 	727.338650 	2279.919855 	613.283485 	
1002.875284 	2173.959011 	1804.228157 	1988.607572 	
1726.904854 	2479.314871 	2499.900000 	2497.554181 	
1606.696818 	1765.707492 	2379.111777 	1483.047422 	
893.233077 	1584.474784 	1637.175755 	1935.289372 	
1435.331252 	2207.391567 	2219.961408 	2454.124423 	
813.834920 	1567.363769 	1578.287643 	1870.898971 	
1545.733408 	1225.486468 	2269.473386 	1616.283126 	
484.077771 	969.542374 	1305.848581 	934.695272 	
1801.556319 	1678.863278 	2499.900000 	1494.034146 	
403.897588 	823.783777 	1208.946573 	992.359328 	
25.774161 	839.288573 	765.549058 	1198.808652 	
1364.336766 	785.732111 	2140.557657 	1057.766507 	
1529.150943 	1021.772235 	2295.603539 	1320.221567 	
1753.281470 	1029.231221 	2436.070904 	1487.837995 	
495.556744 	2228.749435 	1312.540430 	2323.929477 	
1492.008796 	328.782555 	2224.268255 	703.372556 	
915.250455 	848.422271 	1737.750878 	844.596105 	
784.942663 	1309.843147 	1568.236853 	1560.784963 	
1541.150883 	1432.704125 	2241.850121 	1001.958072 	
1815.691761 	421.444035 	2491.934264 	889.650893 	
2041.131308 	0.143076 	0.950000 	
2041.131308 	0.143076 	0.950000 	
2041.131308 	0.143076 	0.950000 	
2041.131308 	0.143076 	0.950000 	
2041.131308 	0.143076 	0.950000 	
2041.131308 	0.143076 	0.950000 	
2041.131308 	0.143076 	0.950000 	
2041.131308 	0.143076 	0.950000 	
2041.131308 	0.143076 	0.950000 	
2041.131308 	0.143076 	0.950000 	
2041.131308 	0.143076 	0.950000 	
2041.131308 	0.143076 	0.950000 	
2041.131308 	0.143076 	0.950000 	
2041.131308 	0.143076 	0.950000 	
2041.131308 	0.143076 	0.950000 	
2041.131308 	0.143076 	0.950000 	
2041.131308 	0.143076 	0.950000 	
2041.131308 	0.143076 	0.950000 	
2041.131308 	0.143076 	0.950000 	
2041.131308 	0.143076 	0.950000 	
2041.131308 	0.143076 	0.950000 	
2041.131308 	0.143076 	0.950000 	
2041.131308 	0.143076 	0.950000 	
2041.131308 	0.143076 	0.950000 	
2041.131308 	0.143076 	0.950000 	
