22
1088.850674 	2258.333592 	2127.651152 	2217.695553 	
1324.941022 	1454.016271 	2363.678501 	1496.233960 	
393.853284 	2491.454203 	1048.445953 	1683.824138 	
1258.534556 	1050.147093 	2250.384317 	1361.582376 	
1731.139513 	524.527291 	2449.109160 	0.100000 	
1722.202730 	1097.700512 	2499.900000 	1203.980848 	
1496.148356 	792.246406 	2499.900000 	801.306224 	
739.252074 	2227.134456 	1774.355547 	2323.667786 	
0.100000 	1946.227919 	687.356508 	2499.900000 	
0.100000 	1929.170295 	703.773839 	1326.670149 	
0.100000 	756.652152 	942.035392 	473.613462 	
1328.255126 	741.603445 	2319.585640 	428.519275 	
934.837648 	1068.082489 	1779.532724 	1674.092485 	
1240.056839 	720.132560 	2138.019705 	1243.984235 	
207.978449 	1741.350720 	1205.935477 	2032.623197 	
0.100000 	1285.524500 	696.948911 	677.339251 	
0.100000 	759.061149 	1001.395200 	568.041542 	
1007.679596 	758.397621 	2024.233394 	976.058504 	
0.100000 	2262.332227 	795.021448 	2408.980989 	
1628.288918 	1068.579894 	2499.900000 	800.686208 	
1821.683663 	910.549804 	2499.900000 	1502.082488 	
500.511319 	714.819865 	1512.362993 	476.253156 	
2408.900134 	0.185455 	0.950000 	
2408.900134 	0.185455 	0.950000 	
2408.900134 	0.185455 	0.950000 	
2408.900134 	0.185455 	0.950000 	
2408.900134 	0.185455 	0.950000 	
2408.900134 	0.185455 	0.950000 	
2408.900134 	0.185455 	0.950000 	
2408.900134 	0.185455 	0.950000 	
2408.900134 	0.185455 	0.950000 	
2408.900134 	0.185455 	0.950000 	
2408.900134 	0.185455 	0.950000 	
2408.900134 	0.185455 	0.950000 	
2408.900134 	0.185455 	0.950000 	
2408.900134 	0.185455 	0.950000 	
2408.900134 	0.185455 	0.950000 	
2408.900134 	0.185455 	0.950000 	
2408.900134 	0.185455 	0.950000 	
2408.900134 	0.185455 	0.950000 	
2408.900134 	0.185455 	0.950000 	
2408.900134 	0.185455 	0.950000 	
2408.900134 	0.185455 	0.950000 	
2408.900134 	0.185455 	0.950000 	
