23
27.716661 	1402.255587 	897.330218 	1997.628025 	
1626.202431 	1990.055393 	2408.934074 	1284.344933 	
672.676959 	1272.617323 	1607.735972 	786.447887 	
1320.029736 	736.288431 	1852.883616 	1645.553420 	
1179.849847 	951.039017 	2233.013365 	990.316013 	
300.705005 	1048.479693 	1341.868174 	1211.805544 	
983.548084 	0.100000 	1891.198899 	334.698999 	
609.940757 	1427.113987 	1372.180221 	699.317945 	
1435.332545 	0.100000 	2247.217966 	600.496167 	
0.100000 	0.100000 	878.999133 	320.891625 	
1752.426288 	1600.870729 	2499.900000 	1179.740309 	
1278.114677 	1584.401472 	2326.002827 	1472.033757 	
0.100000 	1757.121788 	783.953227 	1937.039482 	
1531.113174 	818.025288 	2499.900000 	466.571089 	
1467.858204 	1946.698047 	2488.641693 	1684.596639 	
1129.157752 	1889.843795 	2161.217215 	1676.420872 	
1493.931870 	1290.119625 	2499.900000 	1228.702984 	
671.460035 	2365.146887 	1691.118153 	2098.701020 	
480.712897 	1825.515234 	1505.520905 	2071.410789 	
0.100000 	1217.683804 	942.631349 	1256.617019 	
1793.123555 	1631.756714 	2499.900000 	2175.779105 	
1485.692991 	1821.532387 	2493.626443 	1513.691136 	
0.100000 	2249.852591 	739.509443 	2499.900000 	
2128.617984 	0.148176 	0.950000 	
2128.617984 	0.148176 	0.950000 	
2128.617984 	0.148176 	0.950000 	
2128.617984 	0.148176 	0.950000 	
2128.617984 	0.148176 	0.950000 	
2128.617984 	0.148176 	0.950000 	
2128.617984 	0.148176 	0.950000 	
2128.617984 	0.148176 	0.950000 	
2128.617984 	0.148176 	0.950000 	
2128.617984 	0.148176 	0.950000 	
2128.617984 	0.148176 	0.950000 	
2128.617984 	0.148176 	0.950000 	
2128.617984 	0.148176 	0.950000 	
2128.617984 	0.148176 	0.950000 	
2128.617984 	0.148176 	0.950000 	
2128.617984 	0.148176 	0.950000 	
2128.617984 	0.148176 	0.950000 	
2128.617984 	0.148176 	0.950000 	
2128.617984 	0.148176 	0.950000 	
2128.617984 	0.148176 	0.950000 	
2128.617984 	0.148176 	0.950000 	
2128.617984 	0.148176 	0.950000 	
2128.617984 	0.148176 	0.950000 	
