26
1266.033182 	1800.282418 	2280.358749 	1775.002207 	
1057.143273 	936.364072 	2047.430714 	715.397495 	
465.867974 	1056.664051 	1438.491498 	767.702246 	
441.244294 	1743.667910 	1309.141217 	1218.072651 	
315.959951 	2419.577677 	1281.042153 	2106.349664 	
56.285078 	781.925923 	1041.837873 	540.718271 	
411.846253 	2396.517032 	1425.536454 	2352.612373 	
1415.446014 	1764.655628 	2416.690189 	1928.989269 	
211.900873 	0.100000 	1222.402171 	56.931064 	
0.100000 	1959.305672 	867.340437 	2294.378126 	
732.224977 	1729.326697 	1746.683706 	1748.534242 	
27.399623 	1207.647970 	961.205746 	1604.512643 	
549.217334 	880.516811 	1561.267727 	808.063756 	
0.100000 	889.673998 	936.459555 	774.322742 	
1209.550508 	33.658459 	2172.641811 	352.955480 	
431.424363 	1081.707272 	1437.947272 	1209.797383 	
876.038319 	1615.421147 	1889.181225 	1670.529186 	
1059.640685 	1519.268194 	2058.408799 	1340.501033 	
1048.597947 	1035.742650 	2061.406668 	974.800569 	
1174.318225 	2499.900000 	2129.108616 	2165.091372 	
346.340675 	939.690832 	1358.077272 	862.980326 	
0.100000 	2330.496990 	926.762927 	2408.073055 	
1105.841732 	0.100000 	1927.901088 	372.678187 	
283.170004 	1190.346146 	1282.568457 	1015.137192 	
1538.132612 	1835.455473 	2499.900000 	1668.090276 	
345.210956 	1712.554328 	1355.864925 	1802.409755 	
2001.938034 	0.152152 	0.950000 	
2001.938034 	0.152152 	0.950000 	
2001.938034 	0.152152 	0.950000 	
2001.938034 	0.152152 	0.950000 	
2001.938034 	0.152152 	0.950000 	
2001.938034 	0.152152 	0.950000 	
2001.938034 	0.152152 	0.950000 	
2001.938034 	0.152152 	0.950000 	
2001.938034 	0.152152 	0.950000 	
2001.938034 	0.152152 	0.950000 	
2001.938034 	0.152152 	0.950000 	
2001.938034 	0.152152 	0.950000 	
2001.938034 	0.152152 	0.950000 	
2001.938034 	0.152152 	0.950000 	
2001.938034 	0.152152 	0.950000 	
2001.938034 	0.152152 	0.950000 	
2001.938034 	0.152152 	0.950000 	
2001.938034 	0.152152 	0.950000 	
2001.938034 	0.152152 	0.950000 	
2001.938034 	0.152152 	0.950000 	
2001.938034 	0.152152 	0.950000 	
2001.938034 	0.152152 	0.950000 	
2001.938034 	0.152152 	0.950000 	
2001.938034 	0.152152 	0.950000 	
2001.938034 	0.152152 	0.950000 	
2001.938034 	0.152152 	0.950000 	
