23
956.555662 	309.916651 	1775.916543 	856.952189 	
613.710997 	1475.455082 	1597.459385 	1528.739610 	
384.377130 	568.629849 	1184.399099 	0.100000 	
1303.803655 	1481.338418 	2211.140642 	1097.489848 	
1625.260793 	2349.542206 	2468.244507 	1839.661248 	
1248.521414 	2121.558963 	2165.254722 	2482.391576 	
584.726149 	1360.774605 	1542.594389 	1130.365042 	
1685.284361 	912.802979 	2499.900000 	475.252632 	
280.855862 	1741.983899 	1240.853958 	1520.615905 	
850.066169 	2452.153758 	1782.586793 	2134.340261 	
1694.291332 	1112.666966 	2499.900000 	1436.530302 	
301.528614 	2343.682742 	1269.461532 	2499.900000 	
261.041438 	434.853334 	1239.297045 	551.541377 	
1619.301639 	197.890892 	2499.900000 	358.034027 	
0.100000 	735.073005 	879.689754 	751.698462 	
390.007958 	1170.376163 	1307.593588 	811.716515 	
951.671608 	947.907696 	1914.662529 	1155.870721 	
189.391503 	934.790446 	1123.805078 	622.586342 	
1072.171394 	1935.889734 	1971.361402 	1533.326121 	
1397.318512 	431.347369 	2296.162519 	28.011797 	
789.248090 	840.263722 	1717.556119 	1170.179373 	
1095.135552 	552.835609 	2008.112991 	923.068411 	
1462.214044 	1080.058831 	2221.605898 	452.425064 	
2050.388349 	0.137792 	0.950000 	
2050.388349 	0.137792 	0.950000 	
2050.388349 	0.137792 	0.950000 	
2050.388349 	0.137792 	0.950000 	
2050.388349 	0.137792 	0.950000 	
2050.388349 	0.137792 	0.950000 	
2050.388349 	0.137792 	0.950000 	
2050.388349 	0.137792 	0.950000 	
2050.388349 	0.137792 	0.950000 	
2050.388349 	0.137792 	0.950000 	
2050.388349 	0.137792 	0.950000 	
2050.388349 	0.137792 	0.950000 	
2050.388349 	0.137792 	0.950000 	
2050.388349 	0.137792 	0.950000 	
2050.388349 	0.137792 	0.950000 	
2050.388349 	0.137792 	0.950000 	
2050.388349 	0.137792 	0.950000 	
2050.388349 	0.137792 	0.950000 	
2050.388349 	0.137792 	0.950000 	
2050.388349 	0.137792 	0.950000 	
2050.388349 	0.137792 	0.950000 	
2050.388349 	0.137792 	0.950000 	
2050.388349 	0.137792 	0.950000 	
