24
1505.189202 	573.977510 	2237.172568 	0.100000 	
667.667569 	305.013388 	1637.429089 	851.822715 	
201.409859 	201.473396 	1298.466819 	390.956561 	
1731.070771 	600.684073 	2499.900000 	0.100000 	
138.315901 	1835.480316 	932.285487 	2499.900000 	
719.488183 	117.017027 	1830.765356 	49.928360 	
1727.806286 	2401.992574 	2499.900000 	1793.182386 	
1026.394649 	1466.164142 	2066.887836 	1070.169482 	
925.651378 	226.966163 	2033.032636 	341.616042 	
719.281366 	1524.344331 	1659.320122 	927.883953 	
858.508319 	1601.523651 	1952.614472 	1395.684950 	
1516.418418 	247.723232 	2499.900000 	203.357434 	
453.523907 	2499.900000 	1551.357227 	2353.094084 	
152.658763 	1588.073615 	1262.400327 	1677.020248 	
562.017616 	1306.453506 	1632.081869 	999.207127 	
243.233723 	2214.068841 	1351.151161 	2104.721711 	
584.042086 	615.419406 	1694.221289 	698.725955 	
1146.864791 	2486.025975 	1863.195397 	1633.788739 	
913.233762 	1203.205748 	1725.331252 	441.670777 	
512.395657 	2499.900000 	1529.372983 	2126.759075 	
1440.523654 	592.817307 	2499.900000 	627.723048 	
295.811487 	2348.492147 	1405.583452 	2437.058679 	
516.195102 	1434.695972 	1583.923760 	1119.428851 	
801.105753 	1137.090414 	1769.788305 	1685.808882 	
1964.578708 	0.216511 	0.950000 	
1964.578708 	0.216511 	0.950000 	
1964.578708 	0.216511 	0.950000 	
1964.578708 	0.216511 	0.950000 	
1964.578708 	0.216511 	0.950000 	
1964.578708 	0.216511 	0.950000 	
1964.578708 	0.216511 	0.950000 	
1964.578708 	0.216511 	0.950000 	
1964.578708 	0.216511 	0.950000 	
1964.578708 	0.216511 	0.950000 	
1964.578708 	0.216511 	0.950000 	
1964.578708 	0.216511 	0.950000 	
1964.578708 	0.216511 	0.950000 	
1964.578708 	0.216511 	0.950000 	
1964.578708 	0.216511 	0.950000 	
1964.578708 	0.216511 	0.950000 	
1964.578708 	0.216511 	0.950000 	
1964.578708 	0.216511 	0.950000 	
1964.578708 	0.216511 	0.950000 	
1964.578708 	0.216511 	0.950000 	
1964.578708 	0.216511 	0.950000 	
1964.578708 	0.216511 	0.950000 	
1964.578708 	0.216511 	0.950000 	
1964.578708 	0.216511 	0.950000 	
