26
1533.366304 	569.926922 	2414.593038 	838.374796 	
3.508159 	1403.868205 	831.775369 	1000.633477 	
470.715383 	1785.618937 	1380.132578 	1638.699970 	
319.318720 	743.795861 	1125.197945 	297.496083 	
425.254664 	1505.287751 	1345.966888 	1535.517192 	
1759.245197 	785.833032 	2499.900000 	845.047830 	
902.345725 	2080.127837 	1790.657840 	2324.108175 	
1329.181645 	524.080892 	2167.823392 	142.892175 	
1476.238903 	202.331718 	2391.168036 	309.707232 	
123.904439 	2423.700007 	1043.654389 	2371.884508 	
1662.707109 	142.832126 	2449.683328 	621.677872 	
2.981835 	325.995182 	917.514677 	436.695224 	
1289.792660 	485.327671 	2190.579726 	292.435270 	
1249.999814 	265.276747 	2167.487937 	182.570268 	
1234.509200 	1232.337131 	2135.369209 	1039.785676 	
127.867738 	1425.584668 	905.859333 	1918.893796 	
690.220178 	2170.081881 	1592.935820 	1986.426529 	
895.665928 	2247.323461 	1639.482997 	1703.852224 	
851.813992 	1818.140020 	1770.147171 	1745.414569 	
1554.494798 	981.539791 	2384.373377 	1381.447734 	
1160.382717 	1652.847123 	2050.516925 	1890.093639 	
1402.028221 	2365.489848 	2321.324814 	2424.807557 	
960.530900 	967.312676 	1664.440577 	1561.565135 	
1713.400364 	867.996132 	2499.900000 	657.269444 	
0.100000 	1927.754538 	841.577035 	2021.301381 	
899.164310 	745.600890 	1766.907800 	436.333928 	
1931.132052 	0.162952 	0.950000 	
1931.132052 	0.162952 	0.950000 	
1931.132052 	0.162952 	0.950000 	
1931.132052 	0.162952 	0.950000 	
1931.132052 	0.162952 	0.950000 	
1931.132052 	0.162952 	0.950000 	
1931.132052 	0.162952 	0.950000 	
1931.132052 	0.162952 	0.950000 	
1931.132052 	0.162952 	0.950000 	
1931.132052 	0.162952 	0.950000 	
1931.132052 	0.162952 	0.950000 	
1931.132052 	0.162952 	0.950000 	
1931.132052 	0.162952 	0.950000 	
1931.132052 	0.162952 	0.950000 	
1931.132052 	0.162952 	0.950000 	
1931.132052 	0.162952 	0.950000 	
1931.132052 	0.162952 	0.950000 	
1931.132052 	0.162952 	0.950000 	
1931.132052 	0.162952 	0.950000 	
1931.132052 	0.162952 	0.950000 	
1931.132052 	0.162952 	0.950000 	
1931.132052 	0.162952 	0.950000 	
1931.132052 	0.162952 	0.950000 	
1931.132052 	0.162952 	0.950000 	
1931.132052 	0.162952 	0.950000 	
1931.132052 	0.162952 	0.950000 	
