21
0.100000 	2499.900000 	819.929468 	2122.263433 	
1601.403372 	1235.048596 	2499.900000 	1304.377946 	
1333.863510 	109.260945 	2494.939251 	211.229081 	
565.737702 	1743.361224 	1715.498539 	1552.195340 	
1663.479401 	990.437565 	2499.900000 	1255.422525 	
1258.655344 	310.266969 	2418.482191 	425.575519 	
676.891987 	1746.340985 	1777.552685 	2129.799464 	
0.100000 	1337.218987 	1093.880342 	1319.089797 	
92.113530 	198.124841 	1256.856547 	241.346142 	
1346.688469 	2110.448749 	2477.752150 	2391.854731 	
314.844581 	2163.366775 	1480.304898 	2177.389145 	
1195.447668 	0.100000 	2259.623188 	378.460002 	
4.271911 	1741.077477 	1135.219125 	1459.203790 	
1139.621777 	2118.623693 	2286.261085 	2327.699456 	
0.100000 	903.627311 	939.149163 	834.988653 	
1104.473198 	1567.822113 	2253.084910 	1765.775417 	
0.100000 	1324.047201 	1045.122382 	948.256513 	
1663.717827 	937.487387 	2499.900000 	1296.907303 	
1094.990924 	515.020594 	1777.401861 	0.100000 	
227.726089 	2310.063094 	1350.446733 	1997.025187 	
729.346036 	1906.766082 	1498.668328 	2499.900000 	
2013.791973 	0.129820 	0.950000 	
2013.791973 	0.129820 	0.950000 	
2013.791973 	0.129820 	0.950000 	
2013.791973 	0.129820 	0.950000 	
2013.791973 	0.129820 	0.950000 	
2013.791973 	0.129820 	0.950000 	
2013.791973 	0.129820 	0.950000 	
2013.791973 	0.129820 	0.950000 	
2013.791973 	0.129820 	0.950000 	
2013.791973 	0.129820 	0.950000 	
2013.791973 	0.129820 	0.950000 	
2013.791973 	0.129820 	0.950000 	
2013.791973 	0.129820 	0.950000 	
2013.791973 	0.129820 	0.950000 	
2013.791973 	0.129820 	0.950000 	
2013.791973 	0.129820 	0.950000 	
2013.791973 	0.129820 	0.950000 	
2013.791973 	0.129820 	0.950000 	
2013.791973 	0.129820 	0.950000 	
2013.791973 	0.129820 	0.950000 	
2013.791973 	0.129820 	0.950000 	
