28
1222.876448 	2006.603890 	2186.306364 	1580.585316 	
0.100000 	941.312408 	585.802871 	71.249416 	
998.391855 	1290.367917 	1836.594061 	1928.416577 	
1565.186482 	0.100000 	2499.900000 	12.440461 	
0.100000 	1094.083491 	925.041432 	1471.801410 	
846.625640 	1303.038431 	1871.616800 	1546.106634 	
1591.830500 	0.100000 	2499.900000 	102.774573 	
177.154429 	1996.931651 	1120.657344 	2465.430614 	
783.105246 	1985.101967 	1818.173093 	2180.866062 	
90.482378 	2264.803073 	916.474053 	1611.024226 	
1239.395614 	1831.420537 	2255.513506 	2109.257645 	
357.325697 	1004.259813 	1401.349072 	863.888089 	
99.165965 	340.707364 	1149.530560 	420.852525 	
1686.038443 	835.287820 	2499.900000 	926.013695 	
1153.722215 	1541.969166 	2197.586317 	1683.520451 	
1387.172627 	2444.276663 	2415.427333 	2215.407072 	
1102.936920 	350.508457 	2129.942357 	116.096719 	
1148.265586 	2062.595698 	2109.341623 	1631.293160 	
833.168155 	0.100000 	1790.335373 	358.122907 	
101.356791 	1873.472217 	1154.058016 	1912.320130 	
717.642573 	1065.474972 	1754.420254 	1251.971804 	
885.266740 	0.100000 	1852.892726 	320.711132 	
1433.201023 	2336.056495 	2379.920060 	1874.091027 	
180.465425 	638.800895 	1131.009003 	184.756916 	
780.044915 	324.114990 	1830.939964 	251.254687 	
1358.165351 	537.800851 	2373.079480 	820.003506 	
463.867398 	962.225051 	1456.550438 	609.706386 	
841.573717 	1668.424614 	1849.446421 	1362.023502 	
2062.858859 	0.161142 	0.950000 	
2062.858859 	0.161142 	0.950000 	
2062.858859 	0.161142 	0.950000 	
2062.858859 	0.161142 	0.950000 	
2062.858859 	0.161142 	0.950000 	
2062.858859 	0.161142 	0.950000 	
2062.858859 	0.161142 	0.950000 	
2062.858859 	0.161142 	0.950000 	
2062.858859 	0.161142 	0.950000 	
2062.858859 	0.161142 	0.950000 	
2062.858859 	0.161142 	0.950000 	
2062.858859 	0.161142 	0.950000 	
2062.858859 	0.161142 	0.950000 	
2062.858859 	0.161142 	0.950000 	
2062.858859 	0.161142 	0.950000 	
2062.858859 	0.161142 	0.950000 	
2062.858859 	0.161142 	0.950000 	
2062.858859 	0.161142 	0.950000 	
2062.858859 	0.161142 	0.950000 	
2062.858859 	0.161142 	0.950000 	
2062.858859 	0.161142 	0.950000 	
2062.858859 	0.161142 	0.950000 	
2062.858859 	0.161142 	0.950000 	
2062.858859 	0.161142 	0.950000 	
2062.858859 	0.161142 	0.950000 	
2062.858859 	0.161142 	0.950000 	
2062.858859 	0.161142 	0.950000 	
2062.858859 	0.161142 	0.950000 	
