30
1629.023173 	557.524480 	2493.698116 	263.374585 	
403.844504 	983.157215 	1316.728240 	1011.970419 	
1096.550020 	1273.036750 	2002.528698 	1388.749984 	
403.420383 	2357.287755 	1251.707403 	2018.767372 	
303.957085 	1636.982720 	1217.048717 	1658.209792 	
512.170837 	2016.533239 	1420.561602 	1921.595710 	
1430.825179 	164.141195 	2292.844868 	465.983825 	
881.629096 	1215.322833 	1774.077127 	1409.548035 	
1089.210508 	1944.853202 	1771.043946 	2499.900000 	
290.108800 	98.598232 	1134.458166 	446.823828 	
0.100000 	1567.981382 	910.188943 	1604.875098 	
1206.192901 	514.514984 	1872.385057 	0.100000 	
1754.213052 	1051.574983 	2499.900000 	1004.586018 	
17.421302 	1917.342646 	889.468374 	1645.826862 	
355.853113 	0.100000 	895.611396 	619.447056 	
0.100000 	2011.016419 	725.229795 	2038.717656 	
1474.896394 	1527.408193 	2378.317228 	1661.638268 	
761.514166 	2174.519317 	1663.855308 	2315.825294 	
730.837355 	1574.721282 	1643.284546 	1534.384682 	
1723.249430 	1337.041875 	2410.948670 	735.995560 	
773.183698 	1284.595275 	1395.406253 	1953.195312 	
886.139845 	1158.988056 	1790.412179 	1287.356520 	
1213.387208 	374.541923 	2082.648239 	94.234633 	
0.100000 	1634.018181 	862.951460 	1552.597201 	
898.728410 	2108.127609 	1638.935053 	2499.900000 	
767.975383 	1163.124740 	1679.617813 	1218.757439 	
1506.214076 	1475.010546 	2417.307057 	1539.014425 	
1026.150852 	1539.095783 	1931.468231 	1418.317639 	
107.632216 	820.580416 	862.028798 	305.728286 	
1024.683143 	1796.663893 	1902.808613 	1545.501442 	
2014.296222 	0.153112 	0.950000 	
2014.296222 	0.153112 	0.950000 	
2014.296222 	0.153112 	0.950000 	
2014.296222 	0.153112 	0.950000 	
2014.296222 	0.153112 	0.950000 	
2014.296222 	0.153112 	0.950000 	
2014.296222 	0.153112 	0.950000 	
2014.296222 	0.153112 	0.950000 	
2014.296222 	0.153112 	0.950000 	
2014.296222 	0.153112 	0.950000 	
2014.296222 	0.153112 	0.950000 	
2014.296222 	0.153112 	0.950000 	
2014.296222 	0.153112 	0.950000 	
2014.296222 	0.153112 	0.950000 	
2014.296222 	0.153112 	0.950000 	
2014.296222 	0.153112 	0.950000 	
2014.296222 	0.153112 	0.950000 	
2014.296222 	0.153112 	0.950000 	
2014.296222 	0.153112 	0.950000 	
2014.296222 	0.153112 	0.950000 	
2014.296222 	0.153112 	0.950000 	
2014.296222 	0.153112 	0.950000 	
2014.296222 	0.153112 	0.950000 	
2014.296222 	0.153112 	0.950000 	
2014.296222 	0.153112 	0.950000 	
2014.296222 	0.153112 	0.950000 	
2014.296222 	0.153112 	0.950000 	
2014.296222 	0.153112 	0.950000 	
2014.296222 	0.153112 	0.950000 	
2014.296222 	0.153112 	0.950000 	
