22
0.100000 	2288.098723 	812.011256 	1919.200254 	
1371.743261 	1006.788588 	2427.347930 	901.080633 	
1044.407622 	1216.068768 	2092.864099 	1054.160138 	
642.779911 	350.779135 	1650.336855 	18.658082 	
916.121146 	285.851796 	1878.756870 	0.100000 	
1315.586633 	2417.250073 	2376.076418 	2388.322527 	
986.910480 	351.884669 	2044.121699 	440.088003 	
1300.276774 	2371.379426 	2358.538638 	2296.832687 	
0.100000 	943.341483 	766.442995 	240.484023 	
605.507192 	508.545107 	1452.115026 	0.100000 	
566.958257 	1595.912777 	1613.978215 	1766.864804 	
1053.162096 	286.729465 	2103.126661 	134.907856 	
1039.054039 	381.421099 	1998.828781 	0.100000 	
1708.532373 	1308.994994 	2332.680612 	2166.849506 	
991.088656 	0.100000 	1954.941393 	226.768286 	
966.300070 	262.666507 	1995.094759 	521.619933 	
1473.892680 	689.852405 	2499.900000 	682.899199 	
1254.113737 	817.723301 	2313.339287 	758.422190 	
1389.937419 	1395.740917 	2110.426514 	2174.439095 	
0.100000 	1618.619507 	976.814136 	1240.313414 	
155.868684 	1117.533083 	1160.489419 	1458.432727 	
0.100000 	1334.845839 	1001.751688 	1551.803915 	
1982.634098 	0.186068 	0.950000 	
1982.634098 	0.186068 	0.950000 	
1982.634098 	0.186068 	0.950000 	
1982.634098 	0.186068 	0.950000 	
1982.634098 	0.186068 	0.950000 	
1982.634098 	0.186068 	0.950000 	
1982.634098 	0.186068 	0.950000 	
1982.634098 	0.186068 	0.950000 	
1982.634098 	0.186068 	0.950000 	
1982.634098 	0.186068 	0.950000 	
1982.634098 	0.186068 	0.950000 	
1982.634098 	0.186068 	0.950000 	
1982.634098 	0.186068 	0.950000 	
1982.634098 	0.186068 	0.950000 	
1982.634098 	0.186068 	0.950000 	
1982.634098 	0.186068 	0.950000 	
1982.634098 	0.186068 	0.950000 	
1982.634098 	0.186068 	0.950000 	
1982.634098 	0.186068 	0.950000 	
1982.634098 	0.186068 	0.950000 	
1982.634098 	0.186068 	0.950000 	
1982.634098 	0.186068 	0.950000 	
