27
1461.478393 	2149.819119 	2329.124307 	2475.201177 	
510.782690 	2068.040938 	1362.779856 	1703.645900 	
59.640652 	2116.218566 	984.911745 	2166.778617 	
1380.948306 	1088.428485 	1782.609402 	1923.504098 	
1480.212766 	97.553073 	2341.551791 	439.281035 	
1188.187060 	921.091588 	2006.296421 	1356.269698 	
78.695427 	1527.065927 	979.140965 	1745.882626 	
591.400859 	347.313131 	1423.906677 	0.100000 	
1266.360487 	367.517059 	1947.091278 	0.100000 	
818.754174 	739.092491 	1744.946195 	709.916210 	
1779.159971 	2499.900000 	2499.900000 	2148.742191 	
394.693357 	1534.007117 	1176.205437 	1036.089671 	
1521.181676 	2213.456848 	2446.460327 	2163.035304 	
540.835872 	867.020207 	1454.183602 	1023.477352 	
229.751186 	1852.777889 	816.770185 	2499.900000 	
0.100000 	1420.101047 	871.183578 	1253.768303 	
1264.614133 	2215.046394 	2190.680615 	2247.967283 	
753.311834 	0.100000 	1234.959383 	652.730039 	
585.608983 	713.650612 	1436.456218 	346.578552 	
393.308546 	1708.038445 	1315.386514 	1799.990253 	
378.261944 	951.795529 	1299.839682 	854.958619 	
366.941168 	0.100000 	1172.313094 	232.650242 	
714.069986 	940.453550 	1639.830076 	981.088149 	
1818.940808 	578.515021 	2499.900000 	1022.199541 	
562.870505 	908.767310 	1477.433010 	1057.959603 	
1693.513598 	317.253995 	2499.900000 	589.002121 	
217.050141 	806.314161 	950.954652 	240.569445 	
1735.357099 	0.119769 	0.950000 	
1735.357099 	0.119769 	0.950000 	
1735.357099 	0.119769 	0.950000 	
1735.357099 	0.119769 	0.950000 	
1735.357099 	0.119769 	0.950000 	
1735.357099 	0.119769 	0.950000 	
1735.357099 	0.119769 	0.950000 	
1735.357099 	0.119769 	0.950000 	
1735.357099 	0.119769 	0.950000 	
1735.357099 	0.119769 	0.950000 	
1735.357099 	0.119769 	0.950000 	
1735.357099 	0.119769 	0.950000 	
1735.357099 	0.119769 	0.950000 	
1735.357099 	0.119769 	0.950000 	
1735.357099 	0.119769 	0.950000 	
1735.357099 	0.119769 	0.950000 	
1735.357099 	0.119769 	0.950000 	
1735.357099 	0.119769 	0.950000 	
1735.357099 	0.119769 	0.950000 	
1735.357099 	0.119769 	0.950000 	
1735.357099 	0.119769 	0.950000 	
1735.357099 	0.119769 	0.950000 	
1735.357099 	0.119769 	0.950000 	
1735.357099 	0.119769 	0.950000 	
1735.357099 	0.119769 	0.950000 	
1735.357099 	0.119769 	0.950000 	
1735.357099 	0.119769 	0.950000 	
