23
0.100000 	1428.552864 	888.912039 	1200.802816 	
0.100000 	83.867905 	851.222909 	141.859222 	
918.966263 	2253.793811 	1796.745572 	1729.269229 	
1551.146136 	612.324775 	2499.900000 	961.830785 	
1162.367048 	1029.461454 	1680.807899 	148.075253 	
807.755683 	746.317548 	1818.428087 	590.870313 	
1041.025126 	475.716515 	2035.135602 	236.202604 	
573.509248 	343.813442 	1556.517441 	625.446969 	
267.983087 	2002.121274 	1277.515681 	2164.806531 	
971.036263 	1744.377794 	1965.804848 	1981.143529 	
1014.301233 	1960.297400 	2016.843980 	1758.975288 	
1387.085383 	324.423744 	2150.005180 	1005.287853 	
215.378276 	378.361159 	1220.198037 	188.730471 	
316.172716 	121.756856 	1338.728641 	123.146708 	
0.100000 	828.105206 	787.752320 	552.492684 	
384.374167 	1397.933766 	1281.374460 	1888.864542 	
482.435885 	1754.068324 	1433.894570 	1379.436609 	
1116.599641 	1707.685375 	1981.921605 	1162.854714 	
957.763178 	563.426314 	1972.643624 	438.365403 	
1409.021755 	653.874844 	2115.649940 	1392.995375 	
1510.257148 	764.300119 	2499.900000 	657.268483 	
1551.840082 	2233.944606 	2499.900000 	1936.468920 	
0.100000 	1891.225113 	917.426099 	1895.533293 	
1941.278859 	0.159652 	0.950000 	
1941.278859 	0.159652 	0.950000 	
1941.278859 	0.159652 	0.950000 	
1941.278859 	0.159652 	0.950000 	
1941.278859 	0.159652 	0.950000 	
1941.278859 	0.159652 	0.950000 	
1941.278859 	0.159652 	0.950000 	
1941.278859 	0.159652 	0.950000 	
1941.278859 	0.159652 	0.950000 	
1941.278859 	0.159652 	0.950000 	
1941.278859 	0.159652 	0.950000 	
1941.278859 	0.159652 	0.950000 	
1941.278859 	0.159652 	0.950000 	
1941.278859 	0.159652 	0.950000 	
1941.278859 	0.159652 	0.950000 	
1941.278859 	0.159652 	0.950000 	
1941.278859 	0.159652 	0.950000 	
1941.278859 	0.159652 	0.950000 	
1941.278859 	0.159652 	0.950000 	
1941.278859 	0.159652 	0.950000 	
1941.278859 	0.159652 	0.950000 	
1941.278859 	0.159652 	0.950000 	
1941.278859 	0.159652 	0.950000 	
