23
1028.362848 	2356.759934 	2032.245533 	1805.615198 	
1485.786888 	713.070744 	2490.016714 	162.558780 	
1004.668213 	1839.947412 	1895.805266 	2499.900000 	
1676.925090 	683.987798 	2499.900000 	714.176024 	
0.100000 	2326.886273 	1043.699700 	1920.493734 	
313.673949 	1783.796906 	1359.808627 	2249.783171 	
671.228455 	683.280762 	1736.289039 	262.344999 	
37.374972 	2121.898485 	980.954757 	2499.900000 	
137.385203 	699.752906 	1275.108657 	568.885393 	
65.420261 	2116.595450 	1158.867916 	1776.135190 	
1096.675245 	1743.196769 	2091.387067 	2310.725936 	
342.635042 	1369.290209 	1460.504319 	1120.474530 	
1258.565942 	2287.296619 	2403.784168 	2291.319139 	
792.602894 	91.159438 	1891.452726 	413.758277 	
142.219390 	274.406559 	1280.006854 	404.716387 	
1068.848857 	2287.987933 	2178.201019 	2003.596047 	
0.100000 	468.057800 	735.814824 	0.100000 	
849.380052 	1993.935585 	1941.014088 	1647.704313 	
1685.355311 	1890.006052 	2499.900000 	2193.283294 	
453.725949 	55.647416 	1498.150171 	525.454832 	
797.490563 	1166.242286 	1937.392078 	1276.539618 	
1569.481114 	664.721365 	2499.900000 	1072.520667 	
201.735229 	1862.332313 	1337.770753 	2007.122681 	
2299.826421 	0.138334 	0.950000 	
2299.826421 	0.138334 	0.950000 	
2299.826421 	0.138334 	0.950000 	
2299.826421 	0.138334 	0.950000 	
2299.826421 	0.138334 	0.950000 	
2299.826421 	0.138334 	0.950000 	
2299.826421 	0.138334 	0.950000 	
2299.826421 	0.138334 	0.950000 	
2299.826421 	0.138334 	0.950000 	
2299.826421 	0.138334 	0.950000 	
2299.826421 	0.138334 	0.950000 	
2299.826421 	0.138334 	0.950000 	
2299.826421 	0.138334 	0.950000 	
2299.826421 	0.138334 	0.950000 	
2299.826421 	0.138334 	0.950000 	
2299.826421 	0.138334 	0.950000 	
2299.826421 	0.138334 	0.950000 	
2299.826421 	0.138334 	0.950000 	
2299.826421 	0.138334 	0.950000 	
2299.826421 	0.138334 	0.950000 	
2299.826421 	0.138334 	0.950000 	
2299.826421 	0.138334 	0.950000 	
2299.826421 	0.138334 	0.950000 	
