26
1743.368190 	390.799091 	2499.900000 	776.779937 	
589.654208 	199.027633 	1488.774665 	282.106173 	
1011.834738 	1156.656977 	1826.024624 	766.254019 	
1036.060737 	1104.089552 	1890.088247 	1397.273203 	
1235.686270 	1341.678815 	2122.885198 	1509.600529 	
601.869395 	2457.246800 	1504.276021 	2425.911184 	
1521.832576 	1305.045990 	2412.931511 	1159.229915 	
1649.779521 	1098.024193 	2499.900000 	906.390139 	
1300.222582 	2491.731831 	2203.132976 	2483.219478 	
391.833073 	792.095155 	1250.533748 	512.894887 	
1401.258003 	1753.508961 	2286.005148 	1573.114593 	
158.836378 	2499.900000 	912.226942 	2161.782997 	
816.956743 	1769.195241 	1701.244019 	1586.559940 	
1036.526861 	869.329977 	1906.224945 	626.544305 	
1217.684468 	1226.278250 	2097.502474 	1429.354384 	
636.915110 	0.100000 	1396.444614 	247.806752 	
1292.706095 	2030.904531 	2122.027651 	2388.039516 	
1610.707793 	830.547579 	2438.430927 	1191.371707 	
0.100000 	634.529982 	797.347254 	871.497951 	
85.318059 	2280.288513 	967.547311 	2472.619444 	
1544.094488 	1020.566057 	2408.165427 	1282.674909 	
660.434028 	846.750540 	1526.551902 	591.487015 	
645.105364 	66.466607 	1500.151334 	356.666586 	
1765.898668 	1660.189793 	2499.900000 	1250.716882 	
1312.278551 	274.043374 	2188.702620 	491.300113 	
1784.426260 	327.703148 	2499.900000 	37.768382 	
1909.297841 	0.123946 	0.950000 	
1909.297841 	0.123946 	0.950000 	
1909.297841 	0.123946 	0.950000 	
1909.297841 	0.123946 	0.950000 	
1909.297841 	0.123946 	0.950000 	
1909.297841 	0.123946 	0.950000 	
1909.297841 	0.123946 	0.950000 	
1909.297841 	0.123946 	0.950000 	
1909.297841 	0.123946 	0.950000 	
1909.297841 	0.123946 	0.950000 	
1909.297841 	0.123946 	0.950000 	
1909.297841 	0.123946 	0.950000 	
1909.297841 	0.123946 	0.950000 	
1909.297841 	0.123946 	0.950000 	
1909.297841 	0.123946 	0.950000 	
1909.297841 	0.123946 	0.950000 	
1909.297841 	0.123946 	0.950000 	
1909.297841 	0.123946 	0.950000 	
1909.297841 	0.123946 	0.950000 	
1909.297841 	0.123946 	0.950000 	
1909.297841 	0.123946 	0.950000 	
1909.297841 	0.123946 	0.950000 	
1909.297841 	0.123946 	0.950000 	
1909.297841 	0.123946 	0.950000 	
1909.297841 	0.123946 	0.950000 	
1909.297841 	0.123946 	0.950000 	
