28
1385.966147 	883.620067 	2499.900000 	868.281795 	
146.658602 	1218.867474 	1324.846064 	1173.620012 	
1343.039881 	1596.346260 	2494.040774 	1340.670741 	
1304.791339 	505.623232 	2449.573430 	223.405244 	
1031.628384 	1915.958431 	1984.264032 	2499.900000 	
0.100000 	1425.261779 	817.361698 	1775.709462 	
420.263384 	387.227121 	1598.632375 	427.470736 	
1596.470523 	1049.011284 	2499.900000 	1780.541671 	
1021.200725 	2323.569016 	2200.205935 	2334.511669 	
421.938139 	1890.752828 	1593.354384 	2024.756591 	
1013.676545 	2026.163873 	2014.142298 	1402.271811 	
157.249175 	1056.156697 	1315.828915 	1274.939728 	
895.981155 	968.109461 	1889.671131 	333.481017 	
1667.772148 	1646.263910 	2499.900000 	1200.076945 	
1400.334425 	407.194868 	2498.393651 	836.658446 	
232.958905 	717.200692 	1400.817838 	879.307266 	
1059.637042 	2475.018917 	2170.193616 	2078.992244 	
383.911466 	2304.844337 	1548.586658 	2121.255867 	
1637.312198 	1927.207121 	2499.900000 	2045.740000 	
0.100000 	2263.650420 	1005.301361 	2365.398616 	
289.289837 	814.149368 	1211.933708 	80.050386 	
1348.026167 	1562.679449 	2397.360294 	1025.026292 	
0.100000 	1945.591258 	871.173863 	1189.435324 	
723.218791 	2299.735928 	1901.797064 	2266.175802 	
1391.321797 	2028.720069 	2311.170120 	1291.121200 	
1160.370549 	812.541193 	2294.922419 	1133.422922 	
0.100000 	2076.790546 	1077.493124 	1623.247361 	
591.037299 	2292.249179 	1660.539733 	1795.925120 	
2432.476831 	0.133614 	0.950000 	
2432.476831 	0.133614 	0.950000 	
2432.476831 	0.133614 	0.950000 	
2432.476831 	0.133614 	0.950000 	
2432.476831 	0.133614 	0.950000 	
2432.476831 	0.133614 	0.950000 	
2432.476831 	0.133614 	0.950000 	
2432.476831 	0.133614 	0.950000 	
2432.476831 	0.133614 	0.950000 	
2432.476831 	0.133614 	0.950000 	
2432.476831 	0.133614 	0.950000 	
2432.476831 	0.133614 	0.950000 	
2432.476831 	0.133614 	0.950000 	
2432.476831 	0.133614 	0.950000 	
2432.476831 	0.133614 	0.950000 	
2432.476831 	0.133614 	0.950000 	
2432.476831 	0.133614 	0.950000 	
2432.476831 	0.133614 	0.950000 	
2432.476831 	0.133614 	0.950000 	
2432.476831 	0.133614 	0.950000 	
2432.476831 	0.133614 	0.950000 	
2432.476831 	0.133614 	0.950000 	
2432.476831 	0.133614 	0.950000 	
2432.476831 	0.133614 	0.950000 	
2432.476831 	0.133614 	0.950000 	
2432.476831 	0.133614 	0.950000 	
2432.476831 	0.133614 	0.950000 	
2432.476831 	0.133614 	0.950000 	
