24
1172.310144 	298.700616 	2011.956252 	0.100000 	
798.991759 	677.544517 	1796.811422 	787.204060 	
1157.363697 	2062.326322 	1773.838146 	1270.096211 	
1274.428031 	312.225598 	2266.831719 	463.236249 	
115.301389 	368.798755 	1040.148733 	759.089271 	
751.521968 	2314.687158 	1725.924807 	2073.422982 	
1284.552707 	1430.252433 	2274.199417 	1598.385371 	
353.610294 	1554.578797 	1349.635607 	1679.490248 	
1442.941635 	302.943255 	2412.520821 	42.971143 	
1107.989571 	529.363603 	2111.240898 	563.364632 	
458.401593 	2175.255412 	1355.443126 	1724.715976 	
842.778506 	1438.886299 	1810.276158 	1706.500925 	
1460.173760 	0.100000 	2391.093940 	364.328779 	
234.073087 	1648.800161 	1237.834450 	1637.292715 	
0.100000 	1402.680451 	780.087728 	1195.616729 	
1108.310384 	2015.666489 	1821.604231 	2499.900000 	
936.863791 	367.171790 	1718.308353 	0.100000 	
278.605941 	1553.350121 	1126.791975 	2090.239074 	
1618.234162 	824.639129 	2499.900000 	1167.950172 	
1668.424725 	1503.184439 	2499.900000 	1933.047036 	
790.261738 	0.100000 	1664.256397 	429.599534 	
1368.286346 	2313.689246 	1922.225007 	1476.538570 	
789.797863 	34.611145 	1776.544729 	219.001810 	
318.611577 	1598.385391 	1322.322605 	1613.665004 	
1855.074613 	0.117553 	0.950000 	
1855.074613 	0.117553 	0.950000 	
1855.074613 	0.117553 	0.950000 	
1855.074613 	0.117553 	0.950000 	
1855.074613 	0.117553 	0.950000 	
1855.074613 	0.117553 	0.950000 	
1855.074613 	0.117553 	0.950000 	
1855.074613 	0.117553 	0.950000 	
1855.074613 	0.117553 	0.950000 	
1855.074613 	0.117553 	0.950000 	
1855.074613 	0.117553 	0.950000 	
1855.074613 	0.117553 	0.950000 	
1855.074613 	0.117553 	0.950000 	
1855.074613 	0.117553 	0.950000 	
1855.074613 	0.117553 	0.950000 	
1855.074613 	0.117553 	0.950000 	
1855.074613 	0.117553 	0.950000 	
1855.074613 	0.117553 	0.950000 	
1855.074613 	0.117553 	0.950000 	
1855.074613 	0.117553 	0.950000 	
1855.074613 	0.117553 	0.950000 	
1855.074613 	0.117553 	0.950000 	
1855.074613 	0.117553 	0.950000 	
1855.074613 	0.117553 	0.950000 	
