25
0.100000 	1411.885029 	817.168305 	1435.139349 	
646.085114 	238.515408 	1523.325402 	546.978483 	
1213.998621 	1637.121511 	2132.322031 	1490.895291 	
1549.614271 	2389.125929 	2467.477869 	2240.040690 	
989.375474 	2422.420013 	1916.542285 	2493.565617 	
782.953336 	1565.914654 	1576.934855 	2049.953227 	
1423.716808 	553.820809 	2337.965766 	383.971361 	
447.384791 	2278.729630 	1341.114854 	2021.928995 	
610.679214 	572.515415 	1394.878533 	72.784068 	
149.622722 	1585.747755 	902.440146 	2131.610300 	
1110.534189 	0.100000 	2003.835359 	248.840421 	
0.100000 	1548.096392 	759.651408 	1700.400807 	
324.786800 	0.100000 	1109.958584 	397.943815 	
1744.462613 	2258.031238 	2499.900000 	2340.780998 	
1687.814975 	552.869948 	2499.900000 	305.752678 	
1752.132659 	287.788437 	2499.900000 	152.443651 	
0.100000 	640.874785 	832.992555 	881.839194 	
307.126441 	1354.909005 	973.903419 	2003.066744 	
649.685568 	383.620922 	1543.938278 	638.595594 	
861.650927 	2484.636807 	1786.654788 	2389.411546 	
711.609558 	100.076714 	1641.499038 	97.721628 	
1043.284680 	1152.526594 	1960.352901 	1306.428738 	
793.190209 	1655.218844 	1717.047390 	1549.445968 	
1451.774917 	1277.907359 	2215.333280 	747.173320 	
1225.414622 	276.467768 	2115.993068 	8.942024 	
1784.468005 	0.139470 	0.950000 	
1784.468005 	0.139470 	0.950000 	
1784.468005 	0.139470 	0.950000 	
1784.468005 	0.139470 	0.950000 	
1784.468005 	0.139470 	0.950000 	
1784.468005 	0.139470 	0.950000 	
1784.468005 	0.139470 	0.950000 	
1784.468005 	0.139470 	0.950000 	
1784.468005 	0.139470 	0.950000 	
1784.468005 	0.139470 	0.950000 	
1784.468005 	0.139470 	0.950000 	
1784.468005 	0.139470 	0.950000 	
1784.468005 	0.139470 	0.950000 	
1784.468005 	0.139470 	0.950000 	
1784.468005 	0.139470 	0.950000 	
1784.468005 	0.139470 	0.950000 	
1784.468005 	0.139470 	0.950000 	
1784.468005 	0.139470 	0.950000 	
1784.468005 	0.139470 	0.950000 	
1784.468005 	0.139470 	0.950000 	
1784.468005 	0.139470 	0.950000 	
1784.468005 	0.139470 	0.950000 	
1784.468005 	0.139470 	0.950000 	
1784.468005 	0.139470 	0.950000 	
1784.468005 	0.139470 	0.950000 	
