26
1062.135581 	1204.837300 	2036.393167 	853.164460 	
500.002511 	0.100000 	1438.138451 	347.585205 	
1567.257888 	689.873753 	2499.900000 	886.478973 	
519.584291 	887.836217 	1535.505691 	685.956695 	
1136.994705 	1451.399929 	2075.092726 	1012.282935 	
1346.371327 	456.830741 	2164.283783 	0.100000 	
162.509778 	59.280965 	1135.065610 	415.633016 	
1156.460852 	341.654578 	2056.807129 	853.736811 	
1316.947904 	1901.935217 	2347.055054 	2010.244454 	
1198.365544 	2290.976659 	2206.483683 	2053.175381 	
91.532470 	1463.657708 	1109.252965 	1656.262553 	
0.100000 	820.370228 	974.209415 	842.246640 	
1370.179484 	622.629328 	2400.002206 	733.610376 	
1806.753661 	0.100000 	2499.900000 	404.666208 	
1237.122451 	2214.603235 	2269.613658 	2132.059065 	
1552.138350 	595.267879 	2499.900000 	642.965940 	
1003.252338 	2499.900000 	1930.807640 	2233.069817 	
671.196860 	463.877045 	1665.608615 	174.054871 	
0.100000 	1128.999644 	818.112511 	1535.767603 	
943.451947 	1057.372984 	1955.219324 	835.610936 	
1425.061277 	2302.699494 	2200.634464 	1616.158990 	
1380.803463 	2171.720154 	2391.405994 	2398.731507 	
191.482888 	786.582842 	1200.846637 	1019.040263 	
1208.598626 	2172.955270 	2223.015213 	2382.265131 	
1114.315287 	132.500260 	2095.921077 	463.108343 	
1694.052480 	221.490499 	2499.900000 	0.100000 	
1949.490626 	0.158756 	0.950000 	
1949.490626 	0.158756 	0.950000 	
1949.490626 	0.158756 	0.950000 	
1949.490626 	0.158756 	0.950000 	
1949.490626 	0.158756 	0.950000 	
1949.490626 	0.158756 	0.950000 	
1949.490626 	0.158756 	0.950000 	
1949.490626 	0.158756 	0.950000 	
1949.490626 	0.158756 	0.950000 	
1949.490626 	0.158756 	0.950000 	
1949.490626 	0.158756 	0.950000 	
1949.490626 	0.158756 	0.950000 	
1949.490626 	0.158756 	0.950000 	
1949.490626 	0.158756 	0.950000 	
1949.490626 	0.158756 	0.950000 	
1949.490626 	0.158756 	0.950000 	
1949.490626 	0.158756 	0.950000 	
1949.490626 	0.158756 	0.950000 	
1949.490626 	0.158756 	0.950000 	
1949.490626 	0.158756 	0.950000 	
1949.490626 	0.158756 	0.950000 	
1949.490626 	0.158756 	0.950000 	
1949.490626 	0.158756 	0.950000 	
1949.490626 	0.158756 	0.950000 	
1949.490626 	0.158756 	0.950000 	
1949.490626 	0.158756 	0.950000 	
