26
1092.343439 	135.756048 	2007.818887 	126.075547 	
1168.602522 	1967.294434 	2045.527322 	1704.250898 	
299.739255 	1264.038069 	1214.752112 	1233.370820 	
1535.577143 	2499.900000 	2337.146508 	2137.073692 	
384.194907 	785.118906 	1291.640189 	663.743175 	
21.338376 	581.113076 	586.103160 	1301.689059 	
74.065071 	4.915168 	799.163581 	563.861640 	
1414.329834 	2259.134341 	2277.210055 	2499.900000 	
1221.798648 	1002.918883 	2123.811856 	1159.638953 	
1382.953577 	65.419098 	2250.673559 	357.396907 	
1045.426393 	1721.945815 	1950.264183 	1861.436247 	
1473.370142 	1103.186474 	2328.291698 	1430.750424 	
0.100000 	611.476625 	727.443900 	1028.962081 	
639.508877 	2062.513119 	1482.391012 	1705.107587 	
292.861099 	2124.315257 	1205.813922 	2055.713866 	
754.056388 	639.171510 	1669.530979 	629.410251 	
1564.748776 	1435.064020 	2458.607734 	1237.061064 	
388.052456 	1262.125073 	1234.686815 	913.701092 	
1046.463492 	174.973537 	1850.106545 	613.547191 	
0.100000 	1382.526053 	744.564290 	1619.879965 	
131.602074 	2499.900000 	989.192591 	2183.371236 	
1498.617661 	453.285520 	2337.025822 	85.507374 	
188.449898 	2173.518570 	1091.123571 	2326.388604 	
1468.458971 	1498.485644 	2350.693169 	1253.839312 	
518.140906 	1275.939451 	1334.158530 	860.843984 	
1136.629476 	425.365938 	2047.836722 	336.538214 	
2169.923461 	0.196131 	0.950000 	
2169.923461 	0.196131 	0.950000 	
2169.923461 	0.196131 	0.950000 	
2169.923461 	0.196131 	0.950000 	
2169.923461 	0.196131 	0.950000 	
2169.923461 	0.196131 	0.950000 	
2169.923461 	0.196131 	0.950000 	
2169.923461 	0.196131 	0.950000 	
2169.923461 	0.196131 	0.950000 	
2169.923461 	0.196131 	0.950000 	
2169.923461 	0.196131 	0.950000 	
2169.923461 	0.196131 	0.950000 	
2169.923461 	0.196131 	0.950000 	
2169.923461 	0.196131 	0.950000 	
2169.923461 	0.196131 	0.950000 	
2169.923461 	0.196131 	0.950000 	
2169.923461 	0.196131 	0.950000 	
2169.923461 	0.196131 	0.950000 	
2169.923461 	0.196131 	0.950000 	
2169.923461 	0.196131 	0.950000 	
2169.923461 	0.196131 	0.950000 	
2169.923461 	0.196131 	0.950000 	
2169.923461 	0.196131 	0.950000 	
2169.923461 	0.196131 	0.950000 	
2169.923461 	0.196131 	0.950000 	
2169.923461 	0.196131 	0.950000 	
