32
113.576877 	2116.753390 	1110.418381 	1732.345124 	
1399.841259 	1958.359457 	2335.303297 	1442.245638 	
1355.009163 	478.912835 	2421.224556 	547.084920 	
696.496899 	2005.264268 	1752.445974 	2167.850398 	
1245.115188 	2021.697508 	2275.086401 	2305.637641 	
534.481118 	206.334820 	1583.009013 	1.269094 	
1168.783401 	1577.144458 	2233.921817 	1493.820668 	
27.731270 	747.718401 	1088.303050 	618.682756 	
886.135440 	2240.174818 	1650.157676 	1493.359767 	
1079.473828 	1389.163762 	2092.668546 	1050.195972 	
21.141697 	1966.817399 	1089.160915 	1995.060070 	
0.100000 	1397.960468 	902.488675 	1224.354012 	
418.956867 	1320.386274 	1429.502664 	1667.171354 	
622.135272 	426.694712 	1661.640650 	673.456273 	
1234.779051 	847.466594 	2295.814818 	972.629689 	
0.100000 	614.257275 	1029.491616 	871.952879 	
1683.497864 	1743.275071 	2422.549479 	2499.900000 	
159.089719 	2486.960974 	1222.263242 	2381.486999 	
739.444170 	1096.749736 	1274.758779 	2021.358285 	
697.287772 	1874.631533 	1493.735781 	2499.900000 	
1725.715972 	2197.720892 	2499.900000 	2499.900000 	
221.704871 	1990.531632 	986.359303 	1244.363892 	
1493.447826 	2114.583711 	2499.900000 	1879.508830 	
888.205658 	1276.350429 	1816.823744 	748.021790 	
360.469209 	1163.556997 	1425.498422 	1248.265160 	
1560.975920 	375.422917 	2499.900000 	0.100000 	
807.980619 	2099.159048 	1860.466263 	1915.483606 	
729.050083 	584.762176 	1622.506942 	1170.592818 	
1392.697999 	2370.968040 	2339.201712 	1875.394211 	
571.858585 	2499.900000 	1371.414381 	2125.197132 	
1680.666314 	1365.397860 	2499.900000 	1056.221912 	
829.541995 	944.588617 	1892.527302 	837.234360 	
2023.642542 	0.142953 	0.950000 	
2023.642542 	0.142953 	0.950000 	
2023.642542 	0.142953 	0.950000 	
2023.642542 	0.142953 	0.950000 	
2023.642542 	0.142953 	0.950000 	
2023.642542 	0.142953 	0.950000 	
2023.642542 	0.142953 	0.950000 	
2023.642542 	0.142953 	0.950000 	
2023.642542 	0.142953 	0.950000 	
2023.642542 	0.142953 	0.950000 	
2023.642542 	0.142953 	0.950000 	
2023.642542 	0.142953 	0.950000 	
2023.642542 	0.142953 	0.950000 	
2023.642542 	0.142953 	0.950000 	
2023.642542 	0.142953 	0.950000 	
2023.642542 	0.142953 	0.950000 	
2023.642542 	0.142953 	0.950000 	
2023.642542 	0.142953 	0.950000 	
2023.642542 	0.142953 	0.950000 	
2023.642542 	0.142953 	0.950000 	
2023.642542 	0.142953 	0.950000 	
2023.642542 	0.142953 	0.950000 	
2023.642542 	0.142953 	0.950000 	
2023.642542 	0.142953 	0.950000 	
2023.642542 	0.142953 	0.950000 	
2023.642542 	0.142953 	0.950000 	
2023.642542 	0.142953 	0.950000 	
2023.642542 	0.142953 	0.950000 	
2023.642542 	0.142953 	0.950000 	
2023.642542 	0.142953 	0.950000 	
2023.642542 	0.142953 	0.950000 	
2023.642542 	0.142953 	0.950000 	
