26
1393.275401 	2186.129014 	2013.690474 	1552.178898 	
873.350256 	877.569912 	1689.741177 	1224.432244 	
1743.320760 	2462.992702 	1919.258832 	1593.594400 	
215.884175 	929.949683 	1102.086150 	968.076745 	
1242.487830 	1051.453945 	1969.936480 	543.885156 	
0.100000 	2499.900000 	794.176522 	2403.479572 	
1474.058320 	1563.932720 	2230.631130 	2026.971806 	
1172.612274 	1121.783643 	2041.662281 	944.133150 	
1818.376308 	0.100000 	2465.659472 	549.821417 	
10.165592 	1702.926416 	856.066979 	1969.869210 	
1625.441396 	1636.122924 	2499.900000 	1550.408528 	
854.021301 	338.688300 	1685.790848 	30.521084 	
1044.679514 	387.095009 	1914.934747 	215.445824 	
443.418952 	2389.001001 	1320.865851 	2499.900000 	
140.151218 	1597.765735 	669.798708 	886.231373 	
1520.591426 	0.100000 	2381.864838 	162.118680 	
98.211097 	86.003133 	979.896530 	183.154612 	
570.194561 	212.011035 	1411.748610 	492.357953 	
1187.078171 	1914.280513 	1802.487561 	2499.900000 	
1805.172348 	1220.783772 	2499.900000 	1108.316593 	
873.652745 	1568.730271 	1695.723788 	1235.553420 	
1834.253671 	1037.957987 	2499.900000 	1434.323750 	
286.645236 	16.842574 	1119.492614 	322.084868 	
603.197932 	2268.996987 	1488.822813 	2219.235725 	
1211.616678 	823.842698 	2074.658081 	618.983846 	
0.100000 	629.333053 	820.675221 	715.901021 	
2013.218923 	0.137242 	0.950000 	
2013.218923 	0.137242 	0.950000 	
2013.218923 	0.137242 	0.950000 	
2013.218923 	0.137242 	0.950000 	
2013.218923 	0.137242 	0.950000 	
2013.218923 	0.137242 	0.950000 	
2013.218923 	0.137242 	0.950000 	
2013.218923 	0.137242 	0.950000 	
2013.218923 	0.137242 	0.950000 	
2013.218923 	0.137242 	0.950000 	
2013.218923 	0.137242 	0.950000 	
2013.218923 	0.137242 	0.950000 	
2013.218923 	0.137242 	0.950000 	
2013.218923 	0.137242 	0.950000 	
2013.218923 	0.137242 	0.950000 	
2013.218923 	0.137242 	0.950000 	
2013.218923 	0.137242 	0.950000 	
2013.218923 	0.137242 	0.950000 	
2013.218923 	0.137242 	0.950000 	
2013.218923 	0.137242 	0.950000 	
2013.218923 	0.137242 	0.950000 	
2013.218923 	0.137242 	0.950000 	
2013.218923 	0.137242 	0.950000 	
2013.218923 	0.137242 	0.950000 	
2013.218923 	0.137242 	0.950000 	
2013.218923 	0.137242 	0.950000 	
