21
1277.079047 	820.317362 	2319.567858 	918.278073 	
50.686249 	2259.692891 	1040.558372 	2499.900000 	
704.815097 	2177.182421 	1737.320529 	2003.079713 	
0.100000 	1845.864652 	912.988953 	1713.162889 	
1313.451772 	649.180002 	2336.322651 	425.317573 	
697.522048 	436.782577 	1377.406411 	0.100000 	
261.880537 	774.283339 	1182.765066 	275.935162 	
0.100000 	1426.394902 	927.692856 	1255.947127 	
0.100000 	204.129631 	927.243303 	338.160756 	
1609.814852 	2304.779642 	2499.900000 	1964.028801 	
194.288349 	2499.900000 	1124.573022 	2036.841711 	
1688.244800 	1054.652079 	2499.900000 	613.974193 	
431.357739 	1011.721492 	1427.610326 	1333.994674 	
1649.494562 	0.100000 	2499.900000 	64.151499 	
413.583150 	747.772864 	1459.001125 	806.768444 	
0.100000 	1055.109529 	875.992802 	1371.001600 	
980.805496 	482.441079 	1969.087517 	828.385970 	
853.407879 	1835.116864 	1869.045669 	1580.442366 	
1654.684408 	2499.900000 	2471.115669 	1950.161305 	
212.387066 	1709.871459 	1092.514270 	1142.636653 	
1334.264495 	481.829638 	2316.509692 	844.560384 	
1721.278865 	0.141707 	0.950000 	
1721.278865 	0.141707 	0.950000 	
1721.278865 	0.141707 	0.950000 	
1721.278865 	0.141707 	0.950000 	
1721.278865 	0.141707 	0.950000 	
1721.278865 	0.141707 	0.950000 	
1721.278865 	0.141707 	0.950000 	
1721.278865 	0.141707 	0.950000 	
1721.278865 	0.141707 	0.950000 	
1721.278865 	0.141707 	0.950000 	
1721.278865 	0.141707 	0.950000 	
1721.278865 	0.141707 	0.950000 	
1721.278865 	0.141707 	0.950000 	
1721.278865 	0.141707 	0.950000 	
1721.278865 	0.141707 	0.950000 	
1721.278865 	0.141707 	0.950000 	
1721.278865 	0.141707 	0.950000 	
1721.278865 	0.141707 	0.950000 	
1721.278865 	0.141707 	0.950000 	
1721.278865 	0.141707 	0.950000 	
1721.278865 	0.141707 	0.950000 	
