20
1141.739454 	1433.488537 	1969.923275 	1813.598718 	
571.481072 	744.225408 	1454.475190 	969.377755 	
435.310768 	1421.914679 	1264.763563 	1044.581599 	
549.196977 	2004.173637 	1311.361245 	1504.696090 	
1637.433444 	2288.173860 	2499.900000 	2150.839147 	
723.097834 	17.273390 	1601.969420 	258.015841 	
703.510677 	99.565299 	1566.477133 	392.244454 	
712.751421 	1529.506087 	1603.991858 	1719.407840 	
1705.506310 	1774.833818 	2499.900000 	2045.520638 	
336.591377 	2180.177201 	1039.884433 	2499.900000 	
1657.474706 	595.991455 	2372.136477 	30.632502 	
0.100000 	827.662242 	737.652253 	994.723634 	
478.009561 	1700.290699 	1389.049972 	1680.859753 	
1345.991708 	1071.463397 	2218.118075 	807.327459 	
497.913564 	2032.087343 	1373.301242 	2285.205114 	
1031.990075 	730.928262 	1943.235542 	728.955493 	
750.087830 	126.820378 	1561.996819 	540.554575 	
0.100000 	1861.593386 	688.900039 	1501.659186 	
1017.543829 	655.327324 	1878.780841 	357.597580 	
1004.096587 	2094.112690 	1902.176807 	2248.463301 	
2024.246524 	0.141962 	0.950000 	
2024.246524 	0.141962 	0.950000 	
2024.246524 	0.141962 	0.950000 	
2024.246524 	0.141962 	0.950000 	
2024.246524 	0.141962 	0.950000 	
2024.246524 	0.141962 	0.950000 	
2024.246524 	0.141962 	0.950000 	
2024.246524 	0.141962 	0.950000 	
2024.246524 	0.141962 	0.950000 	
2024.246524 	0.141962 	0.950000 	
2024.246524 	0.141962 	0.950000 	
2024.246524 	0.141962 	0.950000 	
2024.246524 	0.141962 	0.950000 	
2024.246524 	0.141962 	0.950000 	
2024.246524 	0.141962 	0.950000 	
2024.246524 	0.141962 	0.950000 	
2024.246524 	0.141962 	0.950000 	
2024.246524 	0.141962 	0.950000 	
2024.246524 	0.141962 	0.950000 	
2024.246524 	0.141962 	0.950000 	
