25
885.846905 	1608.616887 	1898.246549 	1754.969518 	
613.188582 	1105.000208 	1574.974453 	756.661190 	
1257.291184 	1283.217635 	2127.334056 	745.260820 	
135.641363 	1537.130589 	656.911881 	656.989020 	
939.935614 	1587.973261 	1939.512059 	1805.272743 	
1507.642253 	952.567022 	2440.267205 	1372.784622 	
643.906731 	2471.952239 	1651.297511 	2294.368602 	
1251.175905 	475.417986 	1859.133657 	1298.071925 	
361.601840 	974.937245 	1352.290635 	720.167064 	
1019.743190 	2491.535687 	1910.016614 	1987.764547 	
297.179777 	1392.831208 	1318.429463 	1334.340083 	
1338.104271 	1851.968424 	2360.145090 	1894.450163 	
1349.128974 	176.776394 	2335.547498 	447.609602 	
1647.289810 	1108.785292 	2499.900000 	1157.388799 	
650.039197 	337.958952 	1627.313464 	35.788240 	
741.087203 	1946.337618 	1586.444048 	1370.365450 	
951.687196 	1875.926955 	1947.581358 	1642.331255 	
1495.390373 	2499.900000 	2375.096953 	2036.374282 	
0.100000 	1506.793313 	803.352387 	1793.566229 	
113.502061 	1746.070207 	1135.578505 	1704.454389 	
1755.268231 	2474.499726 	2499.900000 	1794.118323 	
1639.644682 	1096.576421 	2499.900000 	1242.932192 	
677.696200 	1327.437898 	1634.241365 	964.955511 	
1430.447884 	1756.570695 	2312.882321 	2273.950242 	
1596.404185 	2051.434856 	2499.900000 	2072.401325 	
1842.524133 	0.160460 	0.950000 	
1842.524133 	0.160460 	0.950000 	
1842.524133 	0.160460 	0.950000 	
1842.524133 	0.160460 	0.950000 	
1842.524133 	0.160460 	0.950000 	
1842.524133 	0.160460 	0.950000 	
1842.524133 	0.160460 	0.950000 	
1842.524133 	0.160460 	0.950000 	
1842.524133 	0.160460 	0.950000 	
1842.524133 	0.160460 	0.950000 	
1842.524133 	0.160460 	0.950000 	
1842.524133 	0.160460 	0.950000 	
1842.524133 	0.160460 	0.950000 	
1842.524133 	0.160460 	0.950000 	
1842.524133 	0.160460 	0.950000 	
1842.524133 	0.160460 	0.950000 	
1842.524133 	0.160460 	0.950000 	
1842.524133 	0.160460 	0.950000 	
1842.524133 	0.160460 	0.950000 	
1842.524133 	0.160460 	0.950000 	
1842.524133 	0.160460 	0.950000 	
1842.524133 	0.160460 	0.950000 	
1842.524133 	0.160460 	0.950000 	
1842.524133 	0.160460 	0.950000 	
1842.524133 	0.160460 	0.950000 	
