17
385.605135 	1165.221238 	1189.800690 	1724.943363 	
899.652707 	920.978210 	1815.609286 	573.066018 	
137.266292 	1225.918461 	1078.124111 	952.411763 	
1505.511341 	184.077133 	2433.297676 	499.088029 	
236.121978 	857.389428 	1191.782855 	641.214415 	
133.536806 	2090.763724 	1038.884267 	1716.110120 	
0.100000 	0.100000 	777.896744 	210.326304 	
407.392961 	722.525124 	1382.330553 	624.974929 	
917.191070 	2499.900000 	1803.467139 	2281.784898 	
1508.206964 	821.999060 	2289.907535 	1412.730442 	
1372.140647 	440.819649 	2344.849516 	323.104718 	
0.100000 	2362.201384 	766.260773 	2068.939528 	
570.768026 	326.877280 	1415.254131 	0.100000 	
747.844118 	352.619522 	1719.635380 	227.555171 	
780.541571 	346.509625 	1583.667395 	907.765590 	
0.100000 	1779.566422 	808.501982 	2018.808306 	
1033.446856 	2438.136772 	1934.560445 	2053.411354 	
2172.213205 	0.181163 	0.950000 	
2172.213205 	0.181163 	0.950000 	
2172.213205 	0.181163 	0.950000 	
2172.213205 	0.181163 	0.950000 	
2172.213205 	0.181163 	0.950000 	
2172.213205 	0.181163 	0.950000 	
2172.213205 	0.181163 	0.950000 	
2172.213205 	0.181163 	0.950000 	
2172.213205 	0.181163 	0.950000 	
2172.213205 	0.181163 	0.950000 	
2172.213205 	0.181163 	0.950000 	
2172.213205 	0.181163 	0.950000 	
2172.213205 	0.181163 	0.950000 	
2172.213205 	0.181163 	0.950000 	
2172.213205 	0.181163 	0.950000 	
2172.213205 	0.181163 	0.950000 	
2172.213205 	0.181163 	0.950000 	
