25
117.355444 	882.299688 	572.250404 	1921.267367 	
384.922057 	811.611328 	1484.571956 	533.846389 	
1154.934226 	1882.985498 	2288.930410 	1862.106840 	
1558.978034 	766.790078 	2119.750595 	1752.648789 	
829.248582 	1863.846004 	1850.375011 	1370.202328 	
1068.672176 	647.178270 	2176.221676 	891.549640 	
1520.089828 	579.459935 	2499.900000 	114.163246 	
0.100000 	965.626692 	880.861246 	1412.237977 	
294.912907 	833.409122 	1419.732612 	978.887283 	
0.100000 	1826.639260 	890.983265 	2113.927882 	
77.256273 	2012.717140 	1204.650781 	1888.761964 	
1125.864180 	1616.761348 	2254.799030 	1725.799724 	
1218.611752 	23.806831 	2168.401342 	643.712467 	
1650.175966 	495.784380 	2361.020319 	0.100000 	
960.473869 	1738.900559 	1869.257989 	1060.302970 	
0.100000 	659.933650 	950.931756 	844.161441 	
1547.038431 	2492.738137 	2499.900000 	2204.310433 	
1287.485832 	2499.900000 	2414.002538 	2386.411968 	
349.991263 	1031.040866 	1293.796163 	402.061078 	
805.657207 	2199.341405 	1868.995724 	1804.760030 	
1659.586588 	2329.911087 	2499.900000 	2150.645670 	
1137.140822 	1653.270228 	2225.571446 	1334.362656 	
1393.359183 	2399.303634 	2462.519206 	2020.780045 	
557.190498 	2452.843925 	1675.851746 	2265.813781 	
662.569796 	1578.062610 	1719.929067 	1167.727827 	
1802.313058 	0.186359 	0.950000 	
1802.313058 	0.186359 	0.950000 	
1802.313058 	0.186359 	0.950000 	
1802.313058 	0.186359 	0.950000 	
1802.313058 	0.186359 	0.950000 	
1802.313058 	0.186359 	0.950000 	
1802.313058 	0.186359 	0.950000 	
1802.313058 	0.186359 	0.950000 	
1802.313058 	0.186359 	0.950000 	
1802.313058 	0.186359 	0.950000 	
1802.313058 	0.186359 	0.950000 	
1802.313058 	0.186359 	0.950000 	
1802.313058 	0.186359 	0.950000 	
1802.313058 	0.186359 	0.950000 	
1802.313058 	0.186359 	0.950000 	
1802.313058 	0.186359 	0.950000 	
1802.313058 	0.186359 	0.950000 	
1802.313058 	0.186359 	0.950000 	
1802.313058 	0.186359 	0.950000 	
1802.313058 	0.186359 	0.950000 	
1802.313058 	0.186359 	0.950000 	
1802.313058 	0.186359 	0.950000 	
1802.313058 	0.186359 	0.950000 	
1802.313058 	0.186359 	0.950000 	
1802.313058 	0.186359 	0.950000 	
