24
1151.795220 	1554.499448 	2153.785693 	1124.758840 	
717.931242 	2245.345319 	1752.115863 	1900.201772 	
1683.649589 	881.657925 	2499.900000 	455.152478 	
672.515275 	568.722069 	1732.130702 	312.056834 	
1819.853338 	730.401522 	2499.900000 	1425.530310 	
686.944518 	1157.546718 	1775.369969 	1220.728471 	
724.413925 	2079.743399 	1789.399661 	1846.361141 	
1243.103956 	353.989641 	2331.987548 	299.268345 	
483.567934 	75.952742 	1568.769995 	180.825922 	
614.590141 	1509.782233 	1698.446897 	1627.750152 	
0.100000 	4.668421 	1056.572623 	140.769338 	
1271.113178 	114.103703 	2262.912135 	566.869345 	
840.308048 	1809.780832 	1920.639688 	1662.997161 	
1007.436419 	1213.423216 	2087.109978 	1364.971571 	
1316.993658 	1487.585331 	2375.238594 	1225.326770 	
284.683326 	2384.741911 	1097.109645 	1657.675633 	
1434.344399 	2105.623629 	2497.218685 	1862.806520 	
1596.681445 	966.564465 	2499.900000 	1542.770970 	
294.187484 	767.243768 	1373.892056 	615.916521 	
1199.917133 	86.230979 	2203.561899 	512.093727 	
398.915772 	2088.857859 	1458.867446 	2344.130941 	
265.158466 	2499.900000 	1325.566441 	2299.037017 	
192.194989 	1984.187561 	988.903371 	2499.900000 	
1064.660616 	1411.988050 	2091.412288 	1778.652612 	
1818.073261 	0.137059 	0.950000 	
1818.073261 	0.137059 	0.950000 	
1818.073261 	0.137059 	0.950000 	
1818.073261 	0.137059 	0.950000 	
1818.073261 	0.137059 	0.950000 	
1818.073261 	0.137059 	0.950000 	
1818.073261 	0.137059 	0.950000 	
1818.073261 	0.137059 	0.950000 	
1818.073261 	0.137059 	0.950000 	
1818.073261 	0.137059 	0.950000 	
1818.073261 	0.137059 	0.950000 	
1818.073261 	0.137059 	0.950000 	
1818.073261 	0.137059 	0.950000 	
1818.073261 	0.137059 	0.950000 	
1818.073261 	0.137059 	0.950000 	
1818.073261 	0.137059 	0.950000 	
1818.073261 	0.137059 	0.950000 	
1818.073261 	0.137059 	0.950000 	
1818.073261 	0.137059 	0.950000 	
1818.073261 	0.137059 	0.950000 	
1818.073261 	0.137059 	0.950000 	
1818.073261 	0.137059 	0.950000 	
1818.073261 	0.137059 	0.950000 	
1818.073261 	0.137059 	0.950000 	
