28
674.302458 	490.144827 	1697.339406 	730.719641 	
1521.254418 	801.735421 	2422.054987 	1343.066348 	
790.394965 	0.100000 	1575.653084 	374.675125 	
860.016542 	1878.390001 	1632.401406 	1165.717244 	
822.447097 	2499.900000 	1627.275520 	2057.028202 	
217.581365 	424.866973 	1200.293734 	52.365645 	
49.237716 	460.238217 	792.971214 	0.100000 	
0.100000 	2289.034860 	905.079740 	2142.140697 	
1505.888931 	686.568700 	2499.900000 	548.138126 	
193.402867 	0.100000 	1239.267876 	73.880328 	
1451.034507 	1978.374763 	2495.348533 	2096.226594 	
1166.960203 	491.133709 	2179.980169 	211.363474 	
1496.728814 	2364.656466 	2494.523159 	2034.675735 	
1625.831981 	77.357678 	2499.900000 	399.526252 	
9.806798 	959.920290 	1048.950317 	802.880217 	
586.686235 	1753.025573 	1488.914344 	1214.077266 	
1685.658548 	1460.827137 	2499.900000 	1465.081056 	
1015.804077 	1627.126426 	2063.372027 	1711.282395 	
1524.178341 	1704.515975 	2499.900000 	1535.619601 	
706.728918 	948.039750 	1722.192704 	1218.805587 	
0.100000 	302.867291 	801.593454 	395.926505 	
972.123720 	1923.693280 	2019.397658 	1835.954260 	
186.797872 	613.553159 	1237.583580 	595.380809 	
787.879375 	1532.110824 	1821.856476 	1720.185789 	
1182.387495 	2234.067088 	2217.580350 	2052.803216 	
983.810976 	422.443047 	1945.852188 	0.100000 	
902.241947 	2462.308078 	1951.223836 	2398.137730 	
592.073911 	52.011324 	1641.665449 	105.288354 	
1993.975294 	0.140853 	0.950000 	
1993.975294 	0.140853 	0.950000 	
1993.975294 	0.140853 	0.950000 	
1993.975294 	0.140853 	0.950000 	
1993.975294 	0.140853 	0.950000 	
1993.975294 	0.140853 	0.950000 	
1993.975294 	0.140853 	0.950000 	
1993.975294 	0.140853 	0.950000 	
1993.975294 	0.140853 	0.950000 	
1993.975294 	0.140853 	0.950000 	
1993.975294 	0.140853 	0.950000 	
1993.975294 	0.140853 	0.950000 	
1993.975294 	0.140853 	0.950000 	
1993.975294 	0.140853 	0.950000 	
1993.975294 	0.140853 	0.950000 	
1993.975294 	0.140853 	0.950000 	
1993.975294 	0.140853 	0.950000 	
1993.975294 	0.140853 	0.950000 	
1993.975294 	0.140853 	0.950000 	
1993.975294 	0.140853 	0.950000 	
1993.975294 	0.140853 	0.950000 	
1993.975294 	0.140853 	0.950000 	
1993.975294 	0.140853 	0.950000 	
1993.975294 	0.140853 	0.950000 	
1993.975294 	0.140853 	0.950000 	
1993.975294 	0.140853 	0.950000 	
1993.975294 	0.140853 	0.950000 	
1993.975294 	0.140853 	0.950000 	
