30
135.846194 	995.091198 	680.920290 	1526.707706 	
304.324014 	2003.989421 	967.283944 	2378.430356 	
1456.692623 	2433.451759 	2144.927918 	2107.792333 	
652.028473 	941.164853 	1261.537276 	484.852569 	
1598.834449 	523.199092 	2256.956690 	140.319218 	
152.389401 	0.100000 	883.159629 	107.215357 	
1273.805500 	873.523570 	2018.786262 	716.279982 	
283.225306 	1480.831158 	978.153206 	1169.708842 	
663.955126 	2101.043133 	1423.272454 	2044.837471 	
547.516745 	1699.551165 	1308.272552 	1668.366497 	
1767.832521 	2476.545287 	2422.938506 	2088.527206 	
1546.126148 	1886.624309 	2307.484287 	1894.085323 	
1162.690667 	579.290547 	1855.405544 	263.271589 	
1620.589953 	2499.900000 	2341.372646 	2287.367322 	
325.562025 	738.493702 	1039.596341 	1002.836051 	
7.478930 	1575.647201 	752.117409 	1416.790608 	
1239.537986 	1931.606755 	1972.464152 	1725.351773 	
1003.700757 	1965.538811 	1636.780004 	2388.543005 	
934.584260 	683.997716 	1634.812675 	982.999469 	
386.277509 	1092.910771 	1136.597165 	1222.302792 	
1577.809255 	370.709459 	2333.501096 	463.724099 	
1539.628383 	1298.800082 	2253.175862 	1033.146402 	
0.100000 	1241.574764 	650.296057 	1040.277512 	
836.681726 	204.007448 	1562.158289 	435.104049 	
1757.646267 	1590.822684 	2499.900000 	1608.829168 	
795.106712 	2321.510532 	1539.375459 	2160.930605 	
1688.330175 	792.004598 	2211.559025 	1345.135191 	
950.566568 	526.975840 	1691.642998 	352.254327 	
750.535097 	835.993552 	1485.870028 	638.498183 	
0.100000 	220.334215 	672.404451 	73.357349 	
2104.639667 	0.171146 	0.950000 	
2104.639667 	0.171146 	0.950000 	
2104.639667 	0.171146 	0.950000 	
2104.639667 	0.171146 	0.950000 	
2104.639667 	0.171146 	0.950000 	
2104.639667 	0.171146 	0.950000 	
2104.639667 	0.171146 	0.950000 	
2104.639667 	0.171146 	0.950000 	
2104.639667 	0.171146 	0.950000 	
2104.639667 	0.171146 	0.950000 	
2104.639667 	0.171146 	0.950000 	
2104.639667 	0.171146 	0.950000 	
2104.639667 	0.171146 	0.950000 	
2104.639667 	0.171146 	0.950000 	
2104.639667 	0.171146 	0.950000 	
2104.639667 	0.171146 	0.950000 	
2104.639667 	0.171146 	0.950000 	
2104.639667 	0.171146 	0.950000 	
2104.639667 	0.171146 	0.950000 	
2104.639667 	0.171146 	0.950000 	
2104.639667 	0.171146 	0.950000 	
2104.639667 	0.171146 	0.950000 	
2104.639667 	0.171146 	0.950000 	
2104.639667 	0.171146 	0.950000 	
2104.639667 	0.171146 	0.950000 	
2104.639667 	0.171146 	0.950000 	
2104.639667 	0.171146 	0.950000 	
2104.639667 	0.171146 	0.950000 	
2104.639667 	0.171146 	0.950000 	
2104.639667 	0.171146 	0.950000 	
