23
0.100000 	544.346181 	803.879063 	955.358434 	
0.100000 	1259.498525 	752.642756 	796.425928 	
906.922855 	558.852133 	1978.884113 	623.593803 	
931.893745 	516.053214 	2004.303552 	459.223399 	
1578.933263 	1592.188010 	2499.900000 	1934.708388 	
1332.846103 	826.383268 	2101.451671 	76.358000 	
315.967364 	1279.814063 	1388.620444 	1331.850527 	
707.029431 	685.298471 	1775.268485 	795.560646 	
354.088590 	1501.023587 	1178.563504 	812.885854 	
1179.795723 	2346.552780 	2251.621732 	2279.609304 	
0.100000 	408.398962 	1004.172192 	671.046750 	
1271.114880 	260.421434 	2213.051373 	0.100000 	
1336.343878 	2329.636511 	2402.812550 	2203.394704 	
1205.113639 	1658.638048 	2275.821086 	1741.571681 	
398.596589 	1396.801124 	1449.976667 	1177.957903 	
980.942475 	994.149274 	1856.357447 	1616.195132 	
675.272734 	97.508853 	1700.535686 	417.084043 	
0.100000 	2499.900000 	947.678598 	2371.210633 	
1375.024372 	827.692667 	2439.845332 	967.151430 	
1136.830427 	1332.800434 	2106.948406 	1793.412560 	
250.241764 	931.159006 	1319.058456 	1035.673600 	
1664.800346 	0.100000 	2499.900000 	135.656284 	
97.625730 	1229.035147 	1137.471080 	1497.389523 	
1735.451081 	0.136464 	0.950000 	
1735.451081 	0.136464 	0.950000 	
1735.451081 	0.136464 	0.950000 	
1735.451081 	0.136464 	0.950000 	
1735.451081 	0.136464 	0.950000 	
1735.451081 	0.136464 	0.950000 	
1735.451081 	0.136464 	0.950000 	
1735.451081 	0.136464 	0.950000 	
1735.451081 	0.136464 	0.950000 	
1735.451081 	0.136464 	0.950000 	
1735.451081 	0.136464 	0.950000 	
1735.451081 	0.136464 	0.950000 	
1735.451081 	0.136464 	0.950000 	
1735.451081 	0.136464 	0.950000 	
1735.451081 	0.136464 	0.950000 	
1735.451081 	0.136464 	0.950000 	
1735.451081 	0.136464 	0.950000 	
1735.451081 	0.136464 	0.950000 	
1735.451081 	0.136464 	0.950000 	
1735.451081 	0.136464 	0.950000 	
1735.451081 	0.136464 	0.950000 	
1735.451081 	0.136464 	0.950000 	
1735.451081 	0.136464 	0.950000 	
