24
1473.392703 	2452.291651 	2410.137317 	2426.697115 	
1600.633323 	1286.756241 	2499.900000 	1324.943299 	
0.100000 	2353.997556 	734.362652 	2194.152337 	
859.463481 	791.451597 	1735.267334 	1124.788010 	
1168.200184 	1940.506295 	1933.180910 	2481.754889 	
606.517805 	417.706860 	1434.063598 	857.381187 	
1081.975991 	2314.987284 	2015.232207 	2230.261925 	
1311.223055 	2174.829277 	2240.190864 	2297.972947 	
938.788526 	921.774770 	1863.955400 	1070.811035 	
1059.190216 	1675.826262 	1968.486378 	1449.273747 	
337.865672 	1421.106835 	1274.950344 	1416.879596 	
1473.633826 	2343.819475 	2385.711866 	2128.739952 	
635.293587 	522.765161 	1572.046238 	548.063858 	
1135.270649 	0.100000 	1891.218864 	286.544922 	
1449.650114 	2235.836672 	2384.217813 	2167.070633 	
340.984541 	720.424839 	1239.757314 	455.183336 	
649.946066 	370.895473 	1453.256879 	853.427639 	
917.231821 	1444.778537 	1799.786549 	1759.806638 	
679.121283 	857.299630 	1596.340144 	665.322776 	
0.100000 	2197.772953 	879.828488 	1930.331106 	
1340.311648 	1962.699546 	2137.213592 	2455.744009 	
0.100000 	2357.660449 	783.742449 	2369.204341 	
642.177322 	942.931908 	1576.792852 	1011.044784 	
0.100000 	1939.234311 	788.671039 	2067.366012 	
2217.776603 	0.197063 	0.950000 	
2217.776603 	0.197063 	0.950000 	
2217.776603 	0.197063 	0.950000 	
2217.776603 	0.197063 	0.950000 	
2217.776603 	0.197063 	0.950000 	
2217.776603 	0.197063 	0.950000 	
2217.776603 	0.197063 	0.950000 	
2217.776603 	0.197063 	0.950000 	
2217.776603 	0.197063 	0.950000 	
2217.776603 	0.197063 	0.950000 	
2217.776603 	0.197063 	0.950000 	
2217.776603 	0.197063 	0.950000 	
2217.776603 	0.197063 	0.950000 	
2217.776603 	0.197063 	0.950000 	
2217.776603 	0.197063 	0.950000 	
2217.776603 	0.197063 	0.950000 	
2217.776603 	0.197063 	0.950000 	
2217.776603 	0.197063 	0.950000 	
2217.776603 	0.197063 	0.950000 	
2217.776603 	0.197063 	0.950000 	
2217.776603 	0.197063 	0.950000 	
2217.776603 	0.197063 	0.950000 	
2217.776603 	0.197063 	0.950000 	
2217.776603 	0.197063 	0.950000 	
