25
1437.952590 	954.008036 	2377.669609 	1260.512301 	
220.702011 	0.100000 	1137.736814 	316.931765 	
1427.816748 	0.100000 	2236.344548 	503.850115 	
1157.981612 	1706.633010 	1960.771645 	2283.296779 	
0.100000 	1475.880293 	768.832895 	1802.031572 	
1402.663068 	343.107484 	2240.442076 	0.100000 	
1600.966333 	1384.961970 	2499.900000 	1400.372178 	
811.210631 	2054.400804 	1658.041893 	1544.606970 	
1480.621161 	45.949275 	2355.425460 	506.090969 	
129.696549 	229.278969 	895.718192 	853.957912 	
1420.305987 	2377.221842 	2118.827898 	1677.879236 	
1633.615866 	187.395374 	2499.900000 	505.914040 	
1425.667120 	2271.081276 	2405.163178 	2138.414727 	
283.262532 	2401.109174 	1254.342111 	2216.671134 	
211.642920 	200.960798 	1140.444149 	0.100000 	
860.001254 	707.629206 	1729.257873 	1178.167059 	
556.079643 	345.438041 	1533.348760 	493.620404 	
714.538080 	1373.618350 	1701.901050 	1327.495629 	
1750.206949 	173.538760 	2499.900000 	334.773414 	
1003.345482 	0.100000 	1914.568349 	289.667294 	
1674.130162 	2498.568192 	2499.900000 	2167.577367 	
760.535438 	2499.900000 	1701.233423 	2277.239599 	
649.627799 	770.317854 	1602.158440 	1034.322246 	
1393.850849 	1322.272523 	2196.771440 	1898.754496 	
1302.286524 	0.100000 	2173.979745 	402.872476 	
1733.646054 	0.103144 	0.950000 	
1733.646054 	0.103144 	0.950000 	
1733.646054 	0.103144 	0.950000 	
1733.646054 	0.103144 	0.950000 	
1733.646054 	0.103144 	0.950000 	
1733.646054 	0.103144 	0.950000 	
1733.646054 	0.103144 	0.950000 	
1733.646054 	0.103144 	0.950000 	
1733.646054 	0.103144 	0.950000 	
1733.646054 	0.103144 	0.950000 	
1733.646054 	0.103144 	0.950000 	
1733.646054 	0.103144 	0.950000 	
1733.646054 	0.103144 	0.950000 	
1733.646054 	0.103144 	0.950000 	
1733.646054 	0.103144 	0.950000 	
1733.646054 	0.103144 	0.950000 	
1733.646054 	0.103144 	0.950000 	
1733.646054 	0.103144 	0.950000 	
1733.646054 	0.103144 	0.950000 	
1733.646054 	0.103144 	0.950000 	
1733.646054 	0.103144 	0.950000 	
1733.646054 	0.103144 	0.950000 	
1733.646054 	0.103144 	0.950000 	
1733.646054 	0.103144 	0.950000 	
1733.646054 	0.103144 	0.950000 	
