23
476.773564 	755.286952 	1249.265334 	101.604248 	
1295.420558 	2362.933878 	2130.729409 	1791.703858 	
666.706799 	0.100000 	1672.997056 	85.519933 	
554.410854 	1184.160593 	1565.760688 	1149.287608 	
270.318671 	1928.486371 	1236.422406 	2229.631163 	
916.548667 	2351.917637 	1908.030254 	2149.411155 	
1368.788254 	1177.411122 	2364.521494 	1357.854816 	
0.100000 	1950.081014 	835.096357 	2243.566646 	
179.565545 	1071.808220 	915.420000 	1766.475647 	
727.135554 	1952.059563 	1738.504529 	1917.746188 	
1528.735640 	818.351707 	2499.900000 	745.253184 	
370.369113 	251.453737 	1381.712661 	286.508570 	
309.891707 	1721.713509 	1321.412958 	1751.198596 	
0.100000 	1888.309157 	884.260664 	1820.447088 	
0.100000 	652.530408 	745.929862 	1332.122645 	
960.881309 	629.945706 	1855.465217 	1102.982960 	
1428.417924 	238.283534 	2419.434038 	33.511283 	
465.299161 	775.602708 	1424.274560 	1098.729303 	
500.064971 	679.680021 	1393.650589 	1154.600389 	
0.100000 	891.759450 	805.421889 	529.104869 	
570.880212 	2492.834076 	1494.393286 	2079.109272 	
1481.285100 	1718.787239 	2483.940908 	1581.944474 	
0.100000 	1018.187011 	804.431053 	1109.481695 	
1979.252219 	0.153927 	0.950000 	
1979.252219 	0.153927 	0.950000 	
1979.252219 	0.153927 	0.950000 	
1979.252219 	0.153927 	0.950000 	
1979.252219 	0.153927 	0.950000 	
1979.252219 	0.153927 	0.950000 	
1979.252219 	0.153927 	0.950000 	
1979.252219 	0.153927 	0.950000 	
1979.252219 	0.153927 	0.950000 	
1979.252219 	0.153927 	0.950000 	
1979.252219 	0.153927 	0.950000 	
1979.252219 	0.153927 	0.950000 	
1979.252219 	0.153927 	0.950000 	
1979.252219 	0.153927 	0.950000 	
1979.252219 	0.153927 	0.950000 	
1979.252219 	0.153927 	0.950000 	
1979.252219 	0.153927 	0.950000 	
1979.252219 	0.153927 	0.950000 	
1979.252219 	0.153927 	0.950000 	
1979.252219 	0.153927 	0.950000 	
1979.252219 	0.153927 	0.950000 	
1979.252219 	0.153927 	0.950000 	
1979.252219 	0.153927 	0.950000 	
