23
0.100000 	0.100000 	799.858078 	223.588725 	
584.181406 	2418.546730 	1600.267609 	2134.303213 	
99.307206 	2096.559943 	1137.093952 	1906.233338 	
1205.445552 	1685.213492 	2197.655518 	2044.023929 	
470.889588 	1942.909101 	1510.561158 	2122.654967 	
1437.946836 	776.304944 	2428.293513 	1140.226649 	
1201.240683 	1439.317360 	2235.678082 	1647.078802 	
871.028317 	1521.447326 	1913.075175 	1356.026972 	
86.866606 	1430.860873 	1120.553625 	1219.397651 	
1662.808507 	525.369094 	2499.900000 	849.979686 	
271.315645 	759.016716 	1289.972499 	484.128082 	
1627.865218 	892.061217 	2499.900000 	1366.132635 	
195.221403 	408.093973 	1199.860216 	730.470158 	
472.943923 	1951.644183 	1521.311308 	2070.603735 	
0.100000 	2464.592259 	952.547797 	2465.928950 	
1008.113807 	0.100000 	2052.352386 	150.463877 	
513.740476 	820.699829 	708.727075 	1857.621125 	
0.100000 	240.978696 	867.135578 	194.407404 	
1264.328748 	2307.993614 	2128.365169 	1702.463589 	
559.615834 	2112.471462 	1330.134749 	2499.900000 	
1058.742318 	42.229628 	2083.724980 	292.501664 	
507.173632 	2481.278538 	1528.300772 	2215.713272 	
1232.118564 	0.100000 	1777.267446 	497.118010 	
2058.840737 	0.134443 	0.950000 	
2058.840737 	0.134443 	0.950000 	
2058.840737 	0.134443 	0.950000 	
2058.840737 	0.134443 	0.950000 	
2058.840737 	0.134443 	0.950000 	
2058.840737 	0.134443 	0.950000 	
2058.840737 	0.134443 	0.950000 	
2058.840737 	0.134443 	0.950000 	
2058.840737 	0.134443 	0.950000 	
2058.840737 	0.134443 	0.950000 	
2058.840737 	0.134443 	0.950000 	
2058.840737 	0.134443 	0.950000 	
2058.840737 	0.134443 	0.950000 	
2058.840737 	0.134443 	0.950000 	
2058.840737 	0.134443 	0.950000 	
2058.840737 	0.134443 	0.950000 	
2058.840737 	0.134443 	0.950000 	
2058.840737 	0.134443 	0.950000 	
2058.840737 	0.134443 	0.950000 	
2058.840737 	0.134443 	0.950000 	
2058.840737 	0.134443 	0.950000 	
2058.840737 	0.134443 	0.950000 	
2058.840737 	0.134443 	0.950000 	
