27
416.952379 	220.084973 	1190.739561 	898.974724 	
17.208836 	2277.163127 	667.476727 	1479.172170 	
0.100000 	466.785914 	929.737487 	808.689663 	
1386.249376 	1200.632029 	2407.581937 	1329.153229 	
1191.350498 	2000.536688 	2087.963994 	1494.846926 	
376.948447 	2314.472762 	1391.449473 	2140.043501 	
1640.402313 	2329.186168 	2499.900000 	2467.270958 	
234.066638 	860.383326 	403.717684 	1875.694323 	
888.335596 	0.100000 	1366.641843 	802.319001 	
569.061513 	633.473895 	1457.172315 	112.996133 	
1590.608589 	165.599329 	1971.458564 	1121.941942 	
1346.448668 	1957.149608 	2334.350937 	2246.436672 	
109.209416 	648.448777 	1138.281002 	622.962118 	
734.976410 	1893.137816 	1724.081173 	2178.286315 	
628.145185 	650.195380 	1654.199618 	567.429464 	
1028.543961 	2348.241137 	2056.708080 	2298.076979 	
1239.624226 	590.744709 	2097.835098 	1159.174121 	
1321.481816 	221.006211 	2197.264912 	761.970042 	
365.027370 	355.826286 	1239.072938 	899.593003 	
1112.503126 	1405.956369 	2106.307582 	1674.267012 	
1102.289659 	1418.235419 	2018.102357 	948.208826 	
80.811060 	736.089887 	1069.635880 	1022.207648 	
75.220821 	1769.619701 	900.769906 	2384.523438 	
741.491089 	1364.951097 	1751.965119 	1561.369358 	
1696.700534 	1170.884427 	2499.900000 	1577.733614 	
436.904520 	2148.053394 	1424.638387 	2437.914925 	
909.491760 	775.783892 	1931.579243 	653.411203 	
1842.543439 	0.167768 	0.950000 	
1842.543439 	0.167768 	0.950000 	
1842.543439 	0.167768 	0.950000 	
1842.543439 	0.167768 	0.950000 	
1842.543439 	0.167768 	0.950000 	
1842.543439 	0.167768 	0.950000 	
1842.543439 	0.167768 	0.950000 	
1842.543439 	0.167768 	0.950000 	
1842.543439 	0.167768 	0.950000 	
1842.543439 	0.167768 	0.950000 	
1842.543439 	0.167768 	0.950000 	
1842.543439 	0.167768 	0.950000 	
1842.543439 	0.167768 	0.950000 	
1842.543439 	0.167768 	0.950000 	
1842.543439 	0.167768 	0.950000 	
1842.543439 	0.167768 	0.950000 	
1842.543439 	0.167768 	0.950000 	
1842.543439 	0.167768 	0.950000 	
1842.543439 	0.167768 	0.950000 	
1842.543439 	0.167768 	0.950000 	
1842.543439 	0.167768 	0.950000 	
1842.543439 	0.167768 	0.950000 	
1842.543439 	0.167768 	0.950000 	
1842.543439 	0.167768 	0.950000 	
1842.543439 	0.167768 	0.950000 	
1842.543439 	0.167768 	0.950000 	
1842.543439 	0.167768 	0.950000 	
