25
0.100000 	965.772613 	1006.268627 	1133.647136 	
1434.502473 	359.483198 	2499.900000 	499.697995 	
1260.739581 	2499.900000 	2091.992844 	1867.888448 	
870.233056 	753.076637 	1929.808206 	951.993915 	
1219.582119 	346.339438 	2244.969449 	679.278482 	
1244.576381 	2154.716582 	2270.106541 	1822.217748 	
863.476842 	0.100000 	1856.875599 	270.594688 	
1325.872454 	217.522234 	2377.776583 	0.100000 	
1081.248624 	1500.712359 	2100.135305 	1148.380821 	
782.625098 	2293.869724 	1857.804826 	2372.965453 	
1100.641554 	1368.036250 	2143.062911 	1643.036790 	
1630.185799 	1405.606986 	2499.900000 	1600.276652 	
970.142865 	1546.778910 	2040.866297 	1672.552181 	
1363.700985 	2180.727503 	2412.827001 	2428.925378 	
92.890205 	613.706809 	1162.971126 	482.579375 	
1233.368197 	2068.731340 	2272.533522 	2355.790584 	
170.132117 	0.100000 	1216.189881 	252.468471 	
641.900392 	2340.077692 	1523.898861 	1720.121014 	
1306.582098 	203.005271 	2356.912289 	0.100000 	
547.503346 	842.309848 	1552.344112 	1232.902496 	
0.100000 	1562.947771 	873.836382 	1410.385016 	
128.741291 	621.109496 	1175.440076 	362.866906 	
0.100000 	2044.519639 	872.027189 	1935.936423 	
1024.705849 	335.290332 	2031.946957 	719.650754 	
278.767822 	691.337307 	1228.266665 	180.730286 	
2159.994148 	0.160198 	0.950000 	
2159.994148 	0.160198 	0.950000 	
2159.994148 	0.160198 	0.950000 	
2159.994148 	0.160198 	0.950000 	
2159.994148 	0.160198 	0.950000 	
2159.994148 	0.160198 	0.950000 	
2159.994148 	0.160198 	0.950000 	
2159.994148 	0.160198 	0.950000 	
2159.994148 	0.160198 	0.950000 	
2159.994148 	0.160198 	0.950000 	
2159.994148 	0.160198 	0.950000 	
2159.994148 	0.160198 	0.950000 	
2159.994148 	0.160198 	0.950000 	
2159.994148 	0.160198 	0.950000 	
2159.994148 	0.160198 	0.950000 	
2159.994148 	0.160198 	0.950000 	
2159.994148 	0.160198 	0.950000 	
2159.994148 	0.160198 	0.950000 	
2159.994148 	0.160198 	0.950000 	
2159.994148 	0.160198 	0.950000 	
2159.994148 	0.160198 	0.950000 	
2159.994148 	0.160198 	0.950000 	
2159.994148 	0.160198 	0.950000 	
2159.994148 	0.160198 	0.950000 	
2159.994148 	0.160198 	0.950000 	
