23
1512.139041 	746.063803 	2420.985937 	446.700475 	
629.477209 	258.665943 	1578.907822 	377.840583 	
1005.336952 	1800.540466 	1850.101767 	1351.103607 	
49.365457 	905.687346 	817.432496 	1476.383506 	
309.857475 	90.189747 	1192.474115 	459.796227 	
1145.892045 	709.310085 	1729.193584 	1467.848415 	
824.006968 	2151.378805 	1758.310502 	2358.013724 	
1601.210639 	1376.190879 	2499.900000 	1452.979221 	
1153.633567 	1602.964363 	1999.537413 	2050.253717 	
771.539414 	2426.998933 	1727.070780 	2477.801407 	
1041.178803 	1474.178284 	1998.031777 	1466.866055 	
0.100000 	1431.223349 	868.664400 	1084.583859 	
0.100000 	1472.211997 	788.113110 	1185.756489 	
1274.737710 	1522.677473 	2231.517386 	1508.758601 	
435.145396 	1787.824966 	1359.881474 	2033.760464 	
0.100000 	1322.222271 	826.538817 	1680.897610 	
1633.811372 	1928.167994 	2499.900000 	1684.761139 	
0.100000 	1176.323947 	828.945248 	999.750779 	
0.100000 	1779.103984 	835.778383 	1453.519166 	
974.990515 	667.027773 	1819.147051 	216.449450 	
653.107332 	2136.373639 	1603.686964 	2246.006879 	
0.100000 	685.171578 	779.895661 	573.278977 	
0.100000 	651.558849 	763.490879 	1130.861932 	
2174.800586 	0.139767 	0.950000 	
2174.800586 	0.139767 	0.950000 	
2174.800586 	0.139767 	0.950000 	
2174.800586 	0.139767 	0.950000 	
2174.800586 	0.139767 	0.950000 	
2174.800586 	0.139767 	0.950000 	
2174.800586 	0.139767 	0.950000 	
2174.800586 	0.139767 	0.950000 	
2174.800586 	0.139767 	0.950000 	
2174.800586 	0.139767 	0.950000 	
2174.800586 	0.139767 	0.950000 	
2174.800586 	0.139767 	0.950000 	
2174.800586 	0.139767 	0.950000 	
2174.800586 	0.139767 	0.950000 	
2174.800586 	0.139767 	0.950000 	
2174.800586 	0.139767 	0.950000 	
2174.800586 	0.139767 	0.950000 	
2174.800586 	0.139767 	0.950000 	
2174.800586 	0.139767 	0.950000 	
2174.800586 	0.139767 	0.950000 	
2174.800586 	0.139767 	0.950000 	
2174.800586 	0.139767 	0.950000 	
2174.800586 	0.139767 	0.950000 	
