27
1622.482561 	2286.325908 	2499.900000 	2480.344749 	
1082.912850 	424.920625 	1995.578762 	479.460407 	
919.832597 	459.018017 	1649.964628 	0.100000 	
1216.941384 	2333.439407 	2089.438809 	2499.900000 	
0.100000 	858.889811 	745.753012 	1280.640031 	
1574.177703 	1870.053959 	2486.827782 	1924.858051 	
1139.120381 	2338.554039 	2051.358660 	2277.276168 	
160.293615 	2362.066981 	999.198411 	1998.511762 	
799.573451 	2446.524344 	1710.684481 	2370.298717 	
893.842883 	560.918084 	1733.434915 	922.883380 	
1041.126322 	1759.437368 	1954.883834 	1790.756121 	
1721.993832 	2254.626705 	2499.900000 	2250.862230 	
942.372247 	2085.059191 	1834.324529 	2285.944188 	
968.763783 	2207.080606 	1841.924030 	1935.925970 	
1673.154068 	157.599008 	2499.900000 	18.448103 	
0.100000 	2480.136760 	776.661697 	2050.542272 	
1197.140294 	1837.135361 	1938.846252 	1302.527161 	
0.100000 	1495.160797 	901.487568 	1367.819590 	
1036.921019 	1691.438616 	1897.754443 	1999.496194 	
1407.634077 	1344.842637 	2309.775055 	1196.265013 	
0.100000 	2005.537488 	744.144517 	2318.595504 	
861.409538 	498.801544 	1726.322268 	202.390303 	
388.560603 	1662.237848 	1302.031200 	1623.441934 	
1133.416346 	1613.802828 	2009.176320 	1351.165964 	
995.471818 	1202.689827 	1895.397607 	1364.143315 	
0.100000 	510.394984 	818.912872 	712.704588 	
1585.488352 	2499.900000 	2479.166895 	2337.233864 	
1421.750571 	0.120492 	0.950000 	
1421.750571 	0.120492 	0.950000 	
1421.750571 	0.120492 	0.950000 	
1421.750571 	0.120492 	0.950000 	
1421.750571 	0.120492 	0.950000 	
1421.750571 	0.120492 	0.950000 	
1421.750571 	0.120492 	0.950000 	
1421.750571 	0.120492 	0.950000 	
1421.750571 	0.120492 	0.950000 	
1421.750571 	0.120492 	0.950000 	
1421.750571 	0.120492 	0.950000 	
1421.750571 	0.120492 	0.950000 	
1421.750571 	0.120492 	0.950000 	
1421.750571 	0.120492 	0.950000 	
1421.750571 	0.120492 	0.950000 	
1421.750571 	0.120492 	0.950000 	
1421.750571 	0.120492 	0.950000 	
1421.750571 	0.120492 	0.950000 	
1421.750571 	0.120492 	0.950000 	
1421.750571 	0.120492 	0.950000 	
1421.750571 	0.120492 	0.950000 	
1421.750571 	0.120492 	0.950000 	
1421.750571 	0.120492 	0.950000 	
1421.750571 	0.120492 	0.950000 	
1421.750571 	0.120492 	0.950000 	
1421.750571 	0.120492 	0.950000 	
1421.750571 	0.120492 	0.950000 	
