25
29.521295 	1992.283447 	1243.322859 	1974.175052 	
1044.248471 	1095.716600 	2213.491933 	769.355025 	
0.100000 	2110.520399 	957.117374 	2049.753128 	
33.435202 	1724.340624 	1204.301261 	2044.832159 	
0.100000 	1453.540645 	939.802963 	1655.774841 	
1529.830838 	1343.092354 	2499.900000 	627.373550 	
1360.650428 	686.724576 	2498.527115 	1109.665231 	
0.100000 	162.753105 	1090.367429 	281.509200 	
624.186497 	443.193263 	1517.472918 	1265.191755 	
0.100000 	1628.466165 	1040.429541 	1114.886805 	
811.453165 	1321.174702 	1976.916924 	981.562603 	
1679.918252 	1999.090330 	2499.900000 	1228.171537 	
155.802613 	1282.941087 	1369.738026 	1284.663119 	
1668.523371 	1804.859164 	2499.900000 	2267.273179 	
353.352859 	356.451216 	1545.879305 	129.464814 	
72.644127 	1282.159610 	1261.445369 	1036.408193 	
978.744944 	1544.620984 	2184.563696 	1404.466464 	
1590.927054 	506.172847 	2499.900000 	429.687506 	
936.802930 	1290.880109 	2053.996356 	1765.770624 	
0.100000 	126.066374 	984.032278 	133.643533 	
400.920825 	1553.673938 	1593.117308 	1324.960804 	
0.100000 	1956.144686 	1170.716754 	2255.578824 	
190.652289 	1559.196994 	1234.460024 	939.432874 	
0.100000 	956.187033 	944.691435 	1238.937406 	
1448.538890 	421.808825 	2499.900000 	323.476591 	
1870.237245 	0.158472 	0.950000 	
1870.237245 	0.158472 	0.950000 	
1870.237245 	0.158472 	0.950000 	
1870.237245 	0.158472 	0.950000 	
1870.237245 	0.158472 	0.950000 	
1870.237245 	0.158472 	0.950000 	
1870.237245 	0.158472 	0.950000 	
1870.237245 	0.158472 	0.950000 	
1870.237245 	0.158472 	0.950000 	
1870.237245 	0.158472 	0.950000 	
1870.237245 	0.158472 	0.950000 	
1870.237245 	0.158472 	0.950000 	
1870.237245 	0.158472 	0.950000 	
1870.237245 	0.158472 	0.950000 	
1870.237245 	0.158472 	0.950000 	
1870.237245 	0.158472 	0.950000 	
1870.237245 	0.158472 	0.950000 	
1870.237245 	0.158472 	0.950000 	
1870.237245 	0.158472 	0.950000 	
1870.237245 	0.158472 	0.950000 	
1870.237245 	0.158472 	0.950000 	
1870.237245 	0.158472 	0.950000 	
1870.237245 	0.158472 	0.950000 	
1870.237245 	0.158472 	0.950000 	
1870.237245 	0.158472 	0.950000 	
