23
212.103205 	1195.551841 	1179.420628 	1322.829090 	
571.422377 	2213.698380 	1511.014349 	2476.508999 	
213.969931 	1565.067913 	1184.128283 	1461.649990 	
443.766382 	1253.705327 	1136.332294 	1940.913413 	
637.400139 	1946.224175 	1536.365777 	1567.062896 	
1823.702969 	2397.498287 	2499.900000 	1907.247159 	
1681.351728 	657.056680 	2462.769888 	1241.255407 	
895.023092 	1954.071444 	1806.684463 	1606.542973 	
956.188490 	1344.991926 	1929.154773 	1272.610252 	
0.100000 	1093.896768 	859.606909 	723.550426 	
966.329287 	1303.615070 	1840.214863 	869.764295 	
1580.847902 	1864.899591 	2499.900000 	1573.088516 	
689.791284 	598.309915 	1663.450985 	535.945814 	
566.486633 	2499.900000 	1527.099075 	2362.176969 	
0.100000 	2276.239446 	918.734000 	2499.900000 	
1073.218544 	803.596699 	2035.727011 	643.972307 	
1804.913658 	612.898675 	2499.900000 	1079.267923 	
1143.537158 	2499.900000 	2068.754106 	2336.292338 	
707.787710 	2252.856254 	1506.122664 	1691.996381 	
1075.042550 	1930.937743 	2044.162736 	2043.669996 	
1003.776648 	1339.174955 	1851.205467 	1822.669414 	
1254.318889 	2073.155547 	2225.900752 	1984.098381 	
1100.201071 	892.748448 	1963.280081 	1347.717807 	
1873.461169 	0.125232 	0.950000 	
1873.461169 	0.125232 	0.950000 	
1873.461169 	0.125232 	0.950000 	
1873.461169 	0.125232 	0.950000 	
1873.461169 	0.125232 	0.950000 	
1873.461169 	0.125232 	0.950000 	
1873.461169 	0.125232 	0.950000 	
1873.461169 	0.125232 	0.950000 	
1873.461169 	0.125232 	0.950000 	
1873.461169 	0.125232 	0.950000 	
1873.461169 	0.125232 	0.950000 	
1873.461169 	0.125232 	0.950000 	
1873.461169 	0.125232 	0.950000 	
1873.461169 	0.125232 	0.950000 	
1873.461169 	0.125232 	0.950000 	
1873.461169 	0.125232 	0.950000 	
1873.461169 	0.125232 	0.950000 	
1873.461169 	0.125232 	0.950000 	
1873.461169 	0.125232 	0.950000 	
1873.461169 	0.125232 	0.950000 	
1873.461169 	0.125232 	0.950000 	
1873.461169 	0.125232 	0.950000 	
1873.461169 	0.125232 	0.950000 	
