21
880.052228 	2037.979797 	1776.841447 	1594.130128 	
1631.406597 	2339.664118 	2499.900000 	2499.900000 	
268.001192 	1821.649433 	1254.514641 	1989.055061 	
1600.675644 	1475.409599 	2499.900000 	1150.069605 	
974.958115 	802.692328 	1753.506443 	1431.258896 	
1227.084205 	1591.139740 	2227.655343 	1600.670134 	
1198.719563 	495.863280 	2038.563814 	1039.825655 	
47.728441 	1243.753530 	1011.095140 	973.276111 	
1792.490974 	1368.727450 	2499.900000 	1957.622276 	
601.329784 	2005.160360 	1596.829289 	2106.225512 	
0.100000 	670.429795 	886.311685 	924.676762 	
27.027112 	1882.905633 	904.677641 	1402.319553 	
1694.449968 	1246.904488 	2499.900000 	1280.112550 	
1020.720415 	56.838413 	1760.692942 	730.391743 	
717.363690 	757.979723 	1717.935842 	767.403044 	
1039.929414 	246.682661 	2040.029598 	278.823778 	
219.890618 	1995.808348 	1152.926886 	2357.300745 	
1158.537832 	1560.667261 	2121.073850 	1834.086066 	
241.500175 	2084.358236 	1241.527260 	2050.017878 	
1020.381612 	2306.505088 	2014.094644 	2423.841532 	
1690.925533 	1433.215904 	2499.900000 	1719.803656 	
1795.893488 	0.172786 	0.950000 	
1795.893488 	0.172786 	0.950000 	
1795.893488 	0.172786 	0.950000 	
1795.893488 	0.172786 	0.950000 	
1795.893488 	0.172786 	0.950000 	
1795.893488 	0.172786 	0.950000 	
1795.893488 	0.172786 	0.950000 	
1795.893488 	0.172786 	0.950000 	
1795.893488 	0.172786 	0.950000 	
1795.893488 	0.172786 	0.950000 	
1795.893488 	0.172786 	0.950000 	
1795.893488 	0.172786 	0.950000 	
1795.893488 	0.172786 	0.950000 	
1795.893488 	0.172786 	0.950000 	
1795.893488 	0.172786 	0.950000 	
1795.893488 	0.172786 	0.950000 	
1795.893488 	0.172786 	0.950000 	
1795.893488 	0.172786 	0.950000 	
1795.893488 	0.172786 	0.950000 	
1795.893488 	0.172786 	0.950000 	
1795.893488 	0.172786 	0.950000 	
