24
755.344039 	248.053129 	1563.055280 	376.332093 	
1787.133937 	1584.155775 	2499.900000 	1785.980101 	
508.352129 	1305.909017 	720.875702 	2095.647374 	
976.034683 	2439.146779 	1761.533832 	2211.453941 	
1095.342856 	2104.767473 	1910.555102 	2039.330982 	
0.100000 	513.959324 	713.363438 	376.542450 	
1197.513700 	2499.900000 	1871.578529 	2141.536487 	
1518.468632 	469.584243 	2334.175895 	528.530002 	
634.689276 	492.087720 	1445.854791 	596.315589 	
719.902521 	79.312259 	1529.466292 	0.100000 	
10.912120 	758.784694 	828.618992 	744.348199 	
1004.168243 	702.612985 	1821.341653 	669.741129 	
1587.323047 	1514.536188 	2399.404859 	1417.706066 	
277.656274 	1125.900989 	1049.972035 	856.863248 	
46.507980 	579.982606 	831.932149 	352.031263 	
243.217094 	1126.137014 	1008.591703 	837.944979 	
1192.061309 	275.656122 	1979.284998 	497.313077 	
1305.945775 	2084.916519 	2123.737847 	2076.605753 	
1106.492232 	321.846994 	1917.549564 	426.913377 	
792.893981 	1810.024943 	1579.930639 	1587.704816 	
609.067231 	2182.630400 	1148.382093 	1567.819518 	
1124.094284 	29.232871 	1941.772365 	45.217170 	
977.434965 	256.083628 	1770.672617 	455.148863 	
1209.081763 	0.100000 	1945.824914 	254.165396 	
2059.377006 	0.153170 	0.950000 	
2059.377006 	0.153170 	0.950000 	
2059.377006 	0.153170 	0.950000 	
2059.377006 	0.153170 	0.950000 	
2059.377006 	0.153170 	0.950000 	
2059.377006 	0.153170 	0.950000 	
2059.377006 	0.153170 	0.950000 	
2059.377006 	0.153170 	0.950000 	
2059.377006 	0.153170 	0.950000 	
2059.377006 	0.153170 	0.950000 	
2059.377006 	0.153170 	0.950000 	
2059.377006 	0.153170 	0.950000 	
2059.377006 	0.153170 	0.950000 	
2059.377006 	0.153170 	0.950000 	
2059.377006 	0.153170 	0.950000 	
2059.377006 	0.153170 	0.950000 	
2059.377006 	0.153170 	0.950000 	
2059.377006 	0.153170 	0.950000 	
2059.377006 	0.153170 	0.950000 	
2059.377006 	0.153170 	0.950000 	
2059.377006 	0.153170 	0.950000 	
2059.377006 	0.153170 	0.950000 	
2059.377006 	0.153170 	0.950000 	
2059.377006 	0.153170 	0.950000 	
