20
1891.196229 	1927.362217 	2499.900000 	1109.606788 	
1684.167898 	2124.987620 	2412.301617 	2499.900000 	
1044.282666 	0.100000 	2049.636918 	225.676788 	
1784.586797 	62.379687 	2499.900000 	631.735329 	
61.746419 	587.157220 	1093.513454 	527.612650 	
847.010847 	1754.953188 	1692.136582 	1160.099202 	
1038.703411 	1901.087284 	1970.690308 	1454.445150 	
1387.924163 	2039.304550 	2312.079463 	1576.675375 	
782.530893 	1679.675763 	1388.545452 	842.516802 	
0.100000 	1474.155852 	857.803374 	1748.995462 	
807.200722 	279.541620 	1769.376053 	0.100000 	
5.834559 	424.484277 	1032.293984 	544.774849 	
468.045045 	1844.445974 	1499.852694 	1903.282587 	
1144.159287 	904.381981 	2142.324263 	636.509898 	
55.271492 	1625.646543 	963.062607 	2119.614217 	
1308.817808 	2067.045588 	2334.580312 	2193.141019 	
0.100000 	540.699417 	776.736044 	0.100000 	
1364.792655 	1512.153925 	2397.669423 	1476.737069 	
1470.636217 	1741.461090 	2497.119232 	1861.550189 	
137.057861 	1522.986287 	1150.527954 	1320.582873 	
2254.648622 	0.158872 	0.950000 	
2254.648622 	0.158872 	0.950000 	
2254.648622 	0.158872 	0.950000 	
2254.648622 	0.158872 	0.950000 	
2254.648622 	0.158872 	0.950000 	
2254.648622 	0.158872 	0.950000 	
2254.648622 	0.158872 	0.950000 	
2254.648622 	0.158872 	0.950000 	
2254.648622 	0.158872 	0.950000 	
2254.648622 	0.158872 	0.950000 	
2254.648622 	0.158872 	0.950000 	
2254.648622 	0.158872 	0.950000 	
2254.648622 	0.158872 	0.950000 	
2254.648622 	0.158872 	0.950000 	
2254.648622 	0.158872 	0.950000 	
2254.648622 	0.158872 	0.950000 	
2254.648622 	0.158872 	0.950000 	
2254.648622 	0.158872 	0.950000 	
2254.648622 	0.158872 	0.950000 	
2254.648622 	0.158872 	0.950000 	
