28
1349.495620 	1458.451499 	2166.955104 	1480.050303 	
897.281270 	137.315934 	1680.777795 	371.494738 	
1017.889782 	853.739562 	1825.728108 	980.640136 	
249.892418 	542.718668 	1013.039687 	836.509007 	
998.392201 	982.038914 	1515.373653 	348.448593 	
0.100000 	726.091107 	728.204516 	406.602140 	
0.100000 	30.879477 	770.132793 	0.100000 	
515.332553 	2176.829960 	1325.457047 	2288.206898 	
1143.817517 	955.534565 	1879.801510 	1311.952971 	
1637.913699 	1547.676420 	2429.997561 	1344.428607 	
1199.404236 	885.235457 	1994.182270 	692.792237 	
1214.222553 	2499.900000 	2026.845609 	2439.352241 	
1247.760601 	2349.486506 	2035.218572 	2499.900000 	
1441.147572 	2394.285130 	2258.178161 	2428.454325 	
1201.642255 	1490.745792 	1940.778414 	1840.580404 	
899.643438 	1937.450221 	1680.102944 	1693.340661 	
509.917842 	769.379620 	1317.027801 	900.833153 	
1714.190251 	1245.002732 	2499.900000 	1368.861100 	
416.371695 	929.395456 	1069.536098 	437.376372 	
866.306728 	1748.465630 	1678.518756 	1843.429512 	
1413.525922 	1686.939316 	2047.745624 	2203.148466 	
393.867792 	387.967800 	1122.806340 	17.353298 	
1545.026320 	655.178790 	2337.312714 	452.721912 	
949.597876 	668.849910 	1703.019812 	350.947560 	
1700.935742 	1384.842563 	2439.608794 	1735.653966 	
552.265680 	1901.659218 	1350.559961 	1724.366359 	
1729.446635 	1967.012444 	2499.900000 	2204.808494 	
1778.929385 	293.344436 	2431.948451 	0.100000 	
2199.471158 	0.161866 	0.950000 	
2199.471158 	0.161866 	0.950000 	
2199.471158 	0.161866 	0.950000 	
2199.471158 	0.161866 	0.950000 	
2199.471158 	0.161866 	0.950000 	
2199.471158 	0.161866 	0.950000 	
2199.471158 	0.161866 	0.950000 	
2199.471158 	0.161866 	0.950000 	
2199.471158 	0.161866 	0.950000 	
2199.471158 	0.161866 	0.950000 	
2199.471158 	0.161866 	0.950000 	
2199.471158 	0.161866 	0.950000 	
2199.471158 	0.161866 	0.950000 	
2199.471158 	0.161866 	0.950000 	
2199.471158 	0.161866 	0.950000 	
2199.471158 	0.161866 	0.950000 	
2199.471158 	0.161866 	0.950000 	
2199.471158 	0.161866 	0.950000 	
2199.471158 	0.161866 	0.950000 	
2199.471158 	0.161866 	0.950000 	
2199.471158 	0.161866 	0.950000 	
2199.471158 	0.161866 	0.950000 	
2199.471158 	0.161866 	0.950000 	
2199.471158 	0.161866 	0.950000 	
2199.471158 	0.161866 	0.950000 	
2199.471158 	0.161866 	0.950000 	
2199.471158 	0.161866 	0.950000 	
2199.471158 	0.161866 	0.950000 	
