26
1718.220866 	664.420593 	2380.883210 	1435.381254 	
267.087674 	311.398998 	1104.372822 	887.988369 	
0.100000 	1316.843836 	880.343325 	1671.428746 	
696.452738 	1118.548911 	1700.407904 	1278.473107 	
1423.066717 	2353.037144 	2417.043146 	2139.700365 	
681.000761 	2359.763581 	1696.573247 	2313.782608 	
693.887046 	1711.271534 	1461.192711 	2378.162635 	
899.113971 	2134.722106 	1611.871084 	1409.822788 	
8.393171 	1983.877626 	993.366669 	1732.225226 	
7.660699 	2286.927225 	1021.480603 	2211.621687 	
1483.505744 	133.518835 	2498.395717 	192.680189 	
1067.299125 	1167.443167 	1844.501600 	512.112689 	
283.228394 	0.100000 	1277.978510 	115.687490 	
1492.027230 	1926.561618 	2467.183091 	2213.916398 	
0.100000 	1452.016023 	840.275615 	1085.160864 	
659.834037 	967.073352 	1671.181504 	863.738828 	
1242.748795 	799.771325 	2146.089782 	333.427264 	
519.669202 	1034.353696 	1336.327404 	1639.804852 	
549.591445 	649.421862 	1555.287983 	798.002470 	
798.118184 	220.927138 	1809.800825 	120.927349 	
1563.365255 	393.118740 	2499.900000 	31.734988 	
1298.796340 	151.159864 	2314.646293 	190.537477 	
0.100000 	712.322061 	789.851909 	1336.760435 	
302.229345 	253.615460 	1312.908770 	363.291451 	
505.317282 	1037.246881 	1512.162056 	1177.836083 	
1526.474781 	2478.182424 	2432.215404 	2016.516261 	
2155.232353 	0.122371 	0.950000 	
2155.232353 	0.122371 	0.950000 	
2155.232353 	0.122371 	0.950000 	
2155.232353 	0.122371 	0.950000 	
2155.232353 	0.122371 	0.950000 	
2155.232353 	0.122371 	0.950000 	
2155.232353 	0.122371 	0.950000 	
2155.232353 	0.122371 	0.950000 	
2155.232353 	0.122371 	0.950000 	
2155.232353 	0.122371 	0.950000 	
2155.232353 	0.122371 	0.950000 	
2155.232353 	0.122371 	0.950000 	
2155.232353 	0.122371 	0.950000 	
2155.232353 	0.122371 	0.950000 	
2155.232353 	0.122371 	0.950000 	
2155.232353 	0.122371 	0.950000 	
2155.232353 	0.122371 	0.950000 	
2155.232353 	0.122371 	0.950000 	
2155.232353 	0.122371 	0.950000 	
2155.232353 	0.122371 	0.950000 	
2155.232353 	0.122371 	0.950000 	
2155.232353 	0.122371 	0.950000 	
2155.232353 	0.122371 	0.950000 	
2155.232353 	0.122371 	0.950000 	
2155.232353 	0.122371 	0.950000 	
2155.232353 	0.122371 	0.950000 	
