21
774.833595 	554.470986 	1604.201510 	150.813857 	
227.357310 	1850.336729 	1148.890254 	1810.748208 	
1643.961296 	1821.934854 	2499.900000 	1633.399726 	
553.374325 	0.100000 	1227.916203 	400.788171 	
1504.075953 	1235.019460 	2426.099283 	1209.266858 	
319.681496 	2327.545858 	1219.705175 	2499.900000 	
1556.604229 	178.037058 	2455.647542 	384.219838 	
170.249056 	1790.948832 	1082.821412 	1925.120039 	
1308.502342 	1561.668635 	2228.273008 	1631.038222 	
0.100000 	1268.998467 	720.617026 	1701.916098 	
1120.847665 	1450.128746 	1948.508963 	1042.983817 	
1014.420349 	1143.408547 	1753.063302 	1695.854749 	
558.277324 	943.459278 	1447.360858 	1189.061979 	
260.099973 	391.783154 	1090.093545 	0.100000 	
1416.259299 	531.715280 	2252.368059 	921.217987 	
128.538370 	1196.779650 	953.235551 	1609.895586 	
866.926595 	1296.771760 	1589.643207 	1869.895582 	
0.100000 	2402.717566 	730.614852 	2251.161730 	
254.348663 	2167.604355 	992.099436 	2499.900000 	
761.735735 	186.359813 	1679.186093 	281.622917 	
1539.350729 	1905.036467 	2313.553577 	1403.638255 	
2185.897602 	0.185859 	0.950000 	
2185.897602 	0.185859 	0.950000 	
2185.897602 	0.185859 	0.950000 	
2185.897602 	0.185859 	0.950000 	
2185.897602 	0.185859 	0.950000 	
2185.897602 	0.185859 	0.950000 	
2185.897602 	0.185859 	0.950000 	
2185.897602 	0.185859 	0.950000 	
2185.897602 	0.185859 	0.950000 	
2185.897602 	0.185859 	0.950000 	
2185.897602 	0.185859 	0.950000 	
2185.897602 	0.185859 	0.950000 	
2185.897602 	0.185859 	0.950000 	
2185.897602 	0.185859 	0.950000 	
2185.897602 	0.185859 	0.950000 	
2185.897602 	0.185859 	0.950000 	
2185.897602 	0.185859 	0.950000 	
2185.897602 	0.185859 	0.950000 	
2185.897602 	0.185859 	0.950000 	
2185.897602 	0.185859 	0.950000 	
2185.897602 	0.185859 	0.950000 	
