25
1242.406938 	232.938644 	2039.598357 	618.182475 	
919.432902 	2139.455727 	1797.499830 	2025.765628 	
433.587432 	1646.544352 	1248.069725 	1993.741071 	
0.100000 	1859.297499 	770.593193 	2020.167576 	
1514.824737 	1907.229213 	2400.216097 	1910.247045 	
1003.422051 	192.070525 	1883.306352 	93.426803 	
0.100000 	1429.094062 	719.322769 	1620.144547 	
1703.313648 	2405.416248 	2499.900000 	2086.942754 	
0.100000 	1445.983492 	684.007270 	1134.670131 	
1121.625257 	1099.154116 	1942.196902 	1431.703575 	
1399.374081 	525.901748 	2255.367453 	752.181034 	
871.257259 	2331.156611 	1734.754518 	2499.900000 	
394.960999 	1520.220002 	1270.032670 	1385.399610 	
1063.962728 	2419.108284 	1949.351435 	2422.823787 	
729.295087 	344.144836 	1472.579600 	0.100000 	
956.907618 	688.629445 	1728.573835 	254.511701 	
194.747592 	1227.658863 	1068.440741 	1371.141432 	
1335.009143 	1783.218117 	2142.946205 	1421.051481 	
233.652045 	828.072253 	1117.772832 	875.584360 	
87.869221 	1875.118866 	812.620603 	1366.530230 	
1606.857867 	965.811350 	2478.682078 	811.378478 	
1481.714807 	2285.594612 	2307.633095 	1966.555508 	
1583.392052 	1261.063155 	2447.742948 	1452.960251 	
0.100000 	1681.066226 	868.943827 	1684.334211 	
1210.206485 	594.175127 	2090.544106 	688.687770 	
1762.337227 	0.124844 	0.950000 	
1762.337227 	0.124844 	0.950000 	
1762.337227 	0.124844 	0.950000 	
1762.337227 	0.124844 	0.950000 	
1762.337227 	0.124844 	0.950000 	
1762.337227 	0.124844 	0.950000 	
1762.337227 	0.124844 	0.950000 	
1762.337227 	0.124844 	0.950000 	
1762.337227 	0.124844 	0.950000 	
1762.337227 	0.124844 	0.950000 	
1762.337227 	0.124844 	0.950000 	
1762.337227 	0.124844 	0.950000 	
1762.337227 	0.124844 	0.950000 	
1762.337227 	0.124844 	0.950000 	
1762.337227 	0.124844 	0.950000 	
1762.337227 	0.124844 	0.950000 	
1762.337227 	0.124844 	0.950000 	
1762.337227 	0.124844 	0.950000 	
1762.337227 	0.124844 	0.950000 	
1762.337227 	0.124844 	0.950000 	
1762.337227 	0.124844 	0.950000 	
1762.337227 	0.124844 	0.950000 	
1762.337227 	0.124844 	0.950000 	
1762.337227 	0.124844 	0.950000 	
1762.337227 	0.124844 	0.950000 	
