27
0.100000 	46.137391 	828.954335 	333.696067 	
691.007170 	642.447924 	1579.705909 	557.132843 	
18.513329 	270.536023 	908.097752 	346.058651 	
1773.375364 	657.074344 	2499.900000 	262.464597 	
0.100000 	794.368049 	661.065584 	405.394579 	
1353.807212 	1024.788560 	2245.834647 	1061.546785 	
1456.049200 	0.100000 	2313.163682 	249.054926 	
1751.985335 	1877.513398 	2222.793486 	2499.900000 	
0.100000 	2477.540713 	850.043316 	2246.395235 	
604.380404 	1194.351123 	1494.750193 	1259.969340 	
323.582787 	1237.590159 	1215.898825 	1208.673033 	
1526.298015 	1151.535185 	2173.975906 	537.061864 	
673.051378 	2326.703892 	1552.603932 	2173.565341 	
1731.250811 	1212.315585 	2411.339567 	633.918320 	
191.390225 	133.350391 	1035.997888 	422.663385 	
358.082996 	2103.164158 	1197.128670 	1798.096184 	
95.030517 	956.805555 	987.125405 	991.888630 	
85.911881 	698.957151 	958.362353 	509.499278 	
1545.359333 	956.699724 	2431.809498 	1062.861004 	
975.364159 	345.400172 	1843.454190 	136.872454 	
911.565695 	244.572357 	1787.875113 	415.294106 	
112.201317 	2227.331110 	967.617876 	2482.921844 	
1606.796798 	2112.344116 	2305.327672 	2499.900000 	
1049.014467 	1472.017970 	1939.206058 	1404.025005 	
653.864846 	481.771346 	1249.944677 	0.100000 	
854.150574 	731.475795 	1698.847585 	442.423772 	
668.906005 	656.480449 	1438.326130 	1109.312407 	
2192.190774 	0.152481 	0.950000 	
2192.190774 	0.152481 	0.950000 	
2192.190774 	0.152481 	0.950000 	
2192.190774 	0.152481 	0.950000 	
2192.190774 	0.152481 	0.950000 	
2192.190774 	0.152481 	0.950000 	
2192.190774 	0.152481 	0.950000 	
2192.190774 	0.152481 	0.950000 	
2192.190774 	0.152481 	0.950000 	
2192.190774 	0.152481 	0.950000 	
2192.190774 	0.152481 	0.950000 	
2192.190774 	0.152481 	0.950000 	
2192.190774 	0.152481 	0.950000 	
2192.190774 	0.152481 	0.950000 	
2192.190774 	0.152481 	0.950000 	
2192.190774 	0.152481 	0.950000 	
2192.190774 	0.152481 	0.950000 	
2192.190774 	0.152481 	0.950000 	
2192.190774 	0.152481 	0.950000 	
2192.190774 	0.152481 	0.950000 	
2192.190774 	0.152481 	0.950000 	
2192.190774 	0.152481 	0.950000 	
2192.190774 	0.152481 	0.950000 	
2192.190774 	0.152481 	0.950000 	
2192.190774 	0.152481 	0.950000 	
2192.190774 	0.152481 	0.950000 	
2192.190774 	0.152481 	0.950000 	
