24
1626.109900 	2499.900000 	2499.900000 	2360.052635 	
517.160555 	2099.268549 	1539.966176 	2222.004882 	
16.622946 	0.100000 	951.957717 	308.031946 	
223.676649 	1451.578303 	1238.017567 	1271.833907 	
1113.371864 	2499.900000 	2126.262115 	2400.167024 	
1493.165408 	1552.795491 	2363.849052 	1002.245280 	
1712.718401 	2376.718137 	2499.900000 	1990.842743 	
179.778645 	54.153552 	1180.899806 	296.953810 	
1256.127895 	2491.827906 	2285.245491 	2445.865778 	
926.175826 	2154.450092 	1910.235573 	2459.117055 	
558.551604 	1276.710817 	1553.254706 	1544.593781 	
760.607103 	1002.921620 	1779.554248 	1154.388648 	
749.383832 	691.873910 	1733.193044 	997.348916 	
1127.125976 	1511.714774 	1978.347394 	2091.902365 	
1235.498461 	0.100000 	2239.326117 	149.816899 	
346.024875 	849.390958 	1361.789002 	1020.910005 	
0.100000 	2315.396209 	944.222403 	2298.029893 	
1446.942639 	1607.620970 	2356.919290 	1124.777270 	
524.195598 	1286.184812 	1534.152438 	1083.249536 	
1289.749157 	1175.613662 	2311.470256 	1307.072930 	
141.951366 	990.163660 	1075.525015 	554.691746 	
0.100000 	2282.927715 	975.113194 	2471.260080 	
1549.372949 	2389.903298 	2499.900000 	2499.900000 	
1488.027551 	1263.681805 	2499.900000 	1304.133713 	
2004.764728 	0.149559 	0.950000 	
2004.764728 	0.149559 	0.950000 	
2004.764728 	0.149559 	0.950000 	
2004.764728 	0.149559 	0.950000 	
2004.764728 	0.149559 	0.950000 	
2004.764728 	0.149559 	0.950000 	
2004.764728 	0.149559 	0.950000 	
2004.764728 	0.149559 	0.950000 	
2004.764728 	0.149559 	0.950000 	
2004.764728 	0.149559 	0.950000 	
2004.764728 	0.149559 	0.950000 	
2004.764728 	0.149559 	0.950000 	
2004.764728 	0.149559 	0.950000 	
2004.764728 	0.149559 	0.950000 	
2004.764728 	0.149559 	0.950000 	
2004.764728 	0.149559 	0.950000 	
2004.764728 	0.149559 	0.950000 	
2004.764728 	0.149559 	0.950000 	
2004.764728 	0.149559 	0.950000 	
2004.764728 	0.149559 	0.950000 	
2004.764728 	0.149559 	0.950000 	
2004.764728 	0.149559 	0.950000 	
2004.764728 	0.149559 	0.950000 	
2004.764728 	0.149559 	0.950000 	
