24
1153.982520 	276.097069 	2148.211393 	332.612331 	
1714.426283 	898.422632 	2499.900000 	936.188961 	
80.284761 	2061.081828 	1073.776031 	1992.816748 	
1031.048023 	2113.796740 	1992.090411 	2374.723077 	
1035.942545 	850.180074 	2031.222427 	883.391245 	
1054.408934 	0.100000 	1991.699894 	207.961732 	
1740.028812 	187.185078 	2499.900000 	0.100000 	
619.818142 	1833.077591 	1427.837713 	2415.133773 	
303.180756 	2499.900000 	1243.717297 	2185.285196 	
670.894129 	1963.069544 	1660.340418 	1850.459302 	
63.009230 	2499.900000 	894.487738 	2140.495439 	
484.269347 	1356.912855 	1448.150075 	1106.675030 	
1382.979153 	1150.032245 	2258.416862 	1624.683531 	
370.887117 	1538.594016 	1349.574921 	1722.591864 	
1248.098881 	2499.900000 	2174.597117 	2250.280839 	
1052.038034 	2161.026641 	2028.273372 	2357.621633 	
1450.595262 	201.562720 	2406.866997 	0.100000 	
954.715109 	1802.802596 	1627.725943 	1068.812512 	
526.111953 	1928.502133 	1499.524659 	1718.376623 	
1134.918886 	28.592858 	1842.062113 	729.758661 	
963.383966 	81.636334 	1955.656902 	165.775788 	
966.536123 	1686.916579 	1675.682552 	987.776844 	
1231.628417 	0.100000 	2188.818170 	237.031638 	
645.178295 	903.319900 	1360.074843 	1596.578835 	
1969.985522 	0.162125 	0.950000 	
1969.985522 	0.162125 	0.950000 	
1969.985522 	0.162125 	0.950000 	
1969.985522 	0.162125 	0.950000 	
1969.985522 	0.162125 	0.950000 	
1969.985522 	0.162125 	0.950000 	
1969.985522 	0.162125 	0.950000 	
1969.985522 	0.162125 	0.950000 	
1969.985522 	0.162125 	0.950000 	
1969.985522 	0.162125 	0.950000 	
1969.985522 	0.162125 	0.950000 	
1969.985522 	0.162125 	0.950000 	
1969.985522 	0.162125 	0.950000 	
1969.985522 	0.162125 	0.950000 	
1969.985522 	0.162125 	0.950000 	
1969.985522 	0.162125 	0.950000 	
1969.985522 	0.162125 	0.950000 	
1969.985522 	0.162125 	0.950000 	
1969.985522 	0.162125 	0.950000 	
1969.985522 	0.162125 	0.950000 	
1969.985522 	0.162125 	0.950000 	
1969.985522 	0.162125 	0.950000 	
1969.985522 	0.162125 	0.950000 	
1969.985522 	0.162125 	0.950000 	
