25
531.350300 	1477.761646 	1501.567826 	1090.633656 	
1459.287340 	1467.285425 	2486.051653 	1275.074154 	
772.159466 	84.197600 	1583.477306 	742.189613 	
892.954583 	1391.742859 	1889.238296 	1077.722334 	
1228.393304 	1658.529736 	2052.833930 	1017.056602 	
1650.795894 	460.737673 	2499.900000 	533.298126 	
820.949613 	1583.443306 	1864.302304 	1532.401255 	
1007.792008 	150.643824 	2038.514285 	0.100000 	
900.325107 	620.159061 	1883.244850 	973.795745 	
1594.778407 	1217.336258 	2499.900000 	1447.661414 	
1460.911650 	740.110944 	2494.150629 	893.757744 	
70.464275 	1562.169298 	1108.892728 	1448.782905 	
90.026232 	833.250224 	1124.769885 	976.413413 	
218.122308 	396.920443 	1255.895162 	277.682739 	
1232.652300 	2246.401836 	2274.465120 	2322.665682 	
139.300727 	1484.140609 	1157.236773 	1718.653578 	
1698.220042 	1577.475723 	2499.900000 	1716.394989 	
1165.102628 	1824.727169 	2173.452182 	1551.924488 	
90.143051 	1970.724864 	1111.601531 	1752.063707 	
1487.264181 	2312.904060 	2445.925388 	1897.983806 	
1586.067590 	1092.281995 	2499.900000 	1491.003844 	
1651.053266 	385.015503 	2499.900000 	374.328004 	
886.186559 	1084.925661 	1896.212258 	818.395710 	
871.848083 	1915.173606 	1879.668839 	2189.923401 	
91.496186 	532.485195 	1115.148633 	324.336702 	
2303.326922 	0.168755 	0.950000 	
2303.326922 	0.168755 	0.950000 	
2303.326922 	0.168755 	0.950000 	
2303.326922 	0.168755 	0.950000 	
2303.326922 	0.168755 	0.950000 	
2303.326922 	0.168755 	0.950000 	
2303.326922 	0.168755 	0.950000 	
2303.326922 	0.168755 	0.950000 	
2303.326922 	0.168755 	0.950000 	
2303.326922 	0.168755 	0.950000 	
2303.326922 	0.168755 	0.950000 	
2303.326922 	0.168755 	0.950000 	
2303.326922 	0.168755 	0.950000 	
2303.326922 	0.168755 	0.950000 	
2303.326922 	0.168755 	0.950000 	
2303.326922 	0.168755 	0.950000 	
2303.326922 	0.168755 	0.950000 	
2303.326922 	0.168755 	0.950000 	
2303.326922 	0.168755 	0.950000 	
2303.326922 	0.168755 	0.950000 	
2303.326922 	0.168755 	0.950000 	
2303.326922 	0.168755 	0.950000 	
2303.326922 	0.168755 	0.950000 	
2303.326922 	0.168755 	0.950000 	
2303.326922 	0.168755 	0.950000 	
