28
406.471875 	169.224233 	1135.720453 	599.089600 	
23.609232 	2216.530744 	815.680606 	1917.849207 	
434.882845 	652.837472 	1257.648559 	851.946241 	
1673.254975 	858.603096 	2495.262461 	1060.819354 	
767.812438 	1632.203531 	1614.260333 	1621.541205 	
401.276374 	2213.331100 	1176.593839 	1873.521520 	
1391.874652 	2093.541928 	2160.007256 	1737.789169 	
1388.857347 	814.082664 	2199.831073 	1056.795124 	
0.100000 	734.345110 	626.827610 	214.967279 	
1589.550480 	1665.166066 	2430.394290 	1567.342710 	
1423.726694 	0.100000 	2268.954043 	32.350198 	
513.464239 	531.080872 	1283.196716 	883.358655 	
1169.033997 	1655.999173 	2007.143670 	1537.003801 	
481.050436 	1700.272155 	1204.125017 	1260.100743 	
1690.593661 	755.554153 	2499.900000 	870.891871 	
407.453611 	2499.900000 	1220.388129 	2354.347207 	
263.494088 	36.062805 	912.025798 	580.116427 	
1341.423916 	1981.178533 	2139.242500 	1698.206399 	
781.965180 	363.140694 	1626.572226 	419.944407 	
1262.627179 	782.386934 	1851.150985 	1390.850123 	
1795.642680 	1910.362454 	2499.900000 	2250.853636 	
452.806792 	902.585489 	1299.303161 	896.962319 	
0.100000 	111.420831 	818.665354 	269.769407 	
1584.415047 	1049.623339 	2081.245540 	1735.004389 	
619.937554 	463.582822 	1341.598363 	906.068300 	
1053.237714 	541.054948 	1787.159843 	119.218449 	
194.528914 	1718.462170 	1038.817911 	1779.812075 	
17.050514 	1042.883065 	790.625255 	1386.641473 	
2057.734215 	0.148637 	0.950000 	
2057.734215 	0.148637 	0.950000 	
2057.734215 	0.148637 	0.950000 	
2057.734215 	0.148637 	0.950000 	
2057.734215 	0.148637 	0.950000 	
2057.734215 	0.148637 	0.950000 	
2057.734215 	0.148637 	0.950000 	
2057.734215 	0.148637 	0.950000 	
2057.734215 	0.148637 	0.950000 	
2057.734215 	0.148637 	0.950000 	
2057.734215 	0.148637 	0.950000 	
2057.734215 	0.148637 	0.950000 	
2057.734215 	0.148637 	0.950000 	
2057.734215 	0.148637 	0.950000 	
2057.734215 	0.148637 	0.950000 	
2057.734215 	0.148637 	0.950000 	
2057.734215 	0.148637 	0.950000 	
2057.734215 	0.148637 	0.950000 	
2057.734215 	0.148637 	0.950000 	
2057.734215 	0.148637 	0.950000 	
2057.734215 	0.148637 	0.950000 	
2057.734215 	0.148637 	0.950000 	
2057.734215 	0.148637 	0.950000 	
2057.734215 	0.148637 	0.950000 	
2057.734215 	0.148637 	0.950000 	
2057.734215 	0.148637 	0.950000 	
2057.734215 	0.148637 	0.950000 	
2057.734215 	0.148637 	0.950000 	
