28
458.611906 	1659.261093 	1441.201406 	1691.327865 	
860.361705 	2363.535765 	1826.620722 	2499.900000 	
19.611508 	557.889948 	988.785010 	722.853953 	
0.100000 	1489.747979 	901.093833 	1606.115293 	
337.364586 	2427.036967 	1320.464103 	2432.110465 	
1112.080713 	1232.546532 	2095.184193 	1228.309765 	
692.226111 	890.325565 	1635.942754 	614.809144 	
808.572052 	1273.305802 	1688.288289 	1712.179068 	
0.100000 	1415.861867 	855.149366 	1301.052209 	
0.100000 	332.491979 	888.702399 	316.361847 	
477.223399 	1581.666062 	1374.283719 	1179.430827 	
430.623162 	366.616402 	1413.661452 	378.704519 	
1811.229251 	373.242171 	2499.900000 	919.502251 	
1307.942584 	1529.769101 	2198.713101 	1113.790391 	
1071.087035 	1896.083838 	2015.037046 	2170.799653 	
1603.270952 	2063.738984 	2428.190422 	1528.932224 	
793.074646 	1149.334655 	1754.485092 	1354.761907 	
597.817458 	1955.783084 	1406.993794 	2499.900000 	
1526.551372 	2352.850290 	2499.900000 	2400.733204 	
299.677498 	1371.294113 	1183.369790 	940.482863 	
194.245366 	411.820870 	961.767744 	1026.165888 	
1116.852335 	2499.900000 	2017.563071 	2118.921188 	
286.745946 	1369.219679 	1235.726981 	1112.421319 	
80.907182 	2109.171639 	1049.505739 	2277.478606 	
316.977243 	460.957547 	1289.445886 	605.232079 	
356.084387 	300.814542 	1338.750606 	271.191852 	
0.100000 	262.014327 	750.939159 	359.563302 	
222.982005 	1351.234837 	1191.625978 	1519.280233 	
2053.139004 	0.142590 	0.950000 	
2053.139004 	0.142590 	0.950000 	
2053.139004 	0.142590 	0.950000 	
2053.139004 	0.142590 	0.950000 	
2053.139004 	0.142590 	0.950000 	
2053.139004 	0.142590 	0.950000 	
2053.139004 	0.142590 	0.950000 	
2053.139004 	0.142590 	0.950000 	
2053.139004 	0.142590 	0.950000 	
2053.139004 	0.142590 	0.950000 	
2053.139004 	0.142590 	0.950000 	
2053.139004 	0.142590 	0.950000 	
2053.139004 	0.142590 	0.950000 	
2053.139004 	0.142590 	0.950000 	
2053.139004 	0.142590 	0.950000 	
2053.139004 	0.142590 	0.950000 	
2053.139004 	0.142590 	0.950000 	
2053.139004 	0.142590 	0.950000 	
2053.139004 	0.142590 	0.950000 	
2053.139004 	0.142590 	0.950000 	
2053.139004 	0.142590 	0.950000 	
2053.139004 	0.142590 	0.950000 	
2053.139004 	0.142590 	0.950000 	
2053.139004 	0.142590 	0.950000 	
2053.139004 	0.142590 	0.950000 	
2053.139004 	0.142590 	0.950000 	
2053.139004 	0.142590 	0.950000 	
2053.139004 	0.142590 	0.950000 	
