24
724.255742 	2499.900000 	1618.648007 	1984.759951 	
1685.135271 	2203.460285 	2499.900000 	2194.808338 	
47.401424 	2159.750170 	1078.218384 	1929.052627 	
1614.542699 	253.213711 	2307.548524 	1050.426284 	
1063.280334 	1257.552328 	2015.777813 	1714.228925 	
708.578645 	495.069999 	1296.510196 	0.100000 	
111.601064 	972.071408 	1152.093717 	1154.225193 	
655.975285 	1057.429813 	1557.036687 	506.164621 	
688.532806 	456.523761 	1739.555438 	350.899961 	
0.100000 	412.840546 	1018.281231 	480.990388 	
923.462714 	904.347752 	1934.567224 	1210.080693 	
177.250291 	292.096820 	1227.500428 	179.049874 	
589.078442 	1189.855618 	1449.398056 	1802.762726 	
897.206011 	1276.468567 	1934.739520 	1078.152715 	
229.816141 	1672.131998 	1277.408349 	1807.614568 	
320.615945 	1613.409394 	1341.146712 	1886.029856 	
956.318934 	1578.661456 	2012.044604 	1613.992336 	
283.694761 	0.100000 	1277.428879 	263.102767 	
1374.842815 	105.158335 	2422.662252 	238.872161 	
1712.011993 	959.078836 	2499.900000 	638.919840 	
1309.607507 	1671.018792 	2111.387662 	983.302611 	
544.137344 	1283.953565 	1331.370673 	1988.274974 	
904.793527 	1143.257526 	1931.483806 	894.838460 	
0.100000 	2028.521382 	993.261371 	2071.384731 	
2022.719399 	0.131905 	0.950000 	
2022.719399 	0.131905 	0.950000 	
2022.719399 	0.131905 	0.950000 	
2022.719399 	0.131905 	0.950000 	
2022.719399 	0.131905 	0.950000 	
2022.719399 	0.131905 	0.950000 	
2022.719399 	0.131905 	0.950000 	
2022.719399 	0.131905 	0.950000 	
2022.719399 	0.131905 	0.950000 	
2022.719399 	0.131905 	0.950000 	
2022.719399 	0.131905 	0.950000 	
2022.719399 	0.131905 	0.950000 	
2022.719399 	0.131905 	0.950000 	
2022.719399 	0.131905 	0.950000 	
2022.719399 	0.131905 	0.950000 	
2022.719399 	0.131905 	0.950000 	
2022.719399 	0.131905 	0.950000 	
2022.719399 	0.131905 	0.950000 	
2022.719399 	0.131905 	0.950000 	
2022.719399 	0.131905 	0.950000 	
2022.719399 	0.131905 	0.950000 	
2022.719399 	0.131905 	0.950000 	
2022.719399 	0.131905 	0.950000 	
2022.719399 	0.131905 	0.950000 	
