19
1638.852953 	1406.193453 	2499.900000 	1121.685058 	
0.100000 	1899.224061 	1057.863454 	1929.647953 	
261.695811 	994.668602 	1442.323343 	817.991117 	
435.371537 	2475.062013 	1584.043703 	2150.025770 	
599.150188 	2225.873360 	1791.713525 	2279.622716 	
368.536521 	1878.892959 	1021.738362 	879.681439 	
485.945700 	1740.526063 	1297.024234 	864.599173 	
109.312481 	502.108711 	1298.091153 	393.014378 	
0.100000 	1905.834995 	750.878944 	1138.781285 	
0.100000 	1962.929774 	860.443692 	1676.871084 	
1232.319537 	2306.490529 	2403.079877 	2073.217018 	
0.100000 	1263.664699 	878.746901 	1102.944390 	
1462.174546 	1815.012034 	2499.900000 	1946.056870 	
46.553100 	436.030102 	1239.865845 	469.211387 	
900.603202 	0.100000 	2035.535708 	238.423498 	
700.046361 	360.868337 	1891.438081 	285.488804 	
1120.091640 	1903.099831 	2206.829682 	2397.161300 	
390.035783 	1803.321263 	1522.749180 	2180.225316 	
1173.056104 	418.313480 	2362.521402 	519.647627 	
1980.241052 	0.159881 	0.950000 	
1980.241052 	0.159881 	0.950000 	
1980.241052 	0.159881 	0.950000 	
1980.241052 	0.159881 	0.950000 	
1980.241052 	0.159881 	0.950000 	
1980.241052 	0.159881 	0.950000 	
1980.241052 	0.159881 	0.950000 	
1980.241052 	0.159881 	0.950000 	
1980.241052 	0.159881 	0.950000 	
1980.241052 	0.159881 	0.950000 	
1980.241052 	0.159881 	0.950000 	
1980.241052 	0.159881 	0.950000 	
1980.241052 	0.159881 	0.950000 	
1980.241052 	0.159881 	0.950000 	
1980.241052 	0.159881 	0.950000 	
1980.241052 	0.159881 	0.950000 	
1980.241052 	0.159881 	0.950000 	
1980.241052 	0.159881 	0.950000 	
1980.241052 	0.159881 	0.950000 	
