26
1000.539270 	785.949732 	1990.863325 	1143.449731 	
1022.553238 	736.790815 	1726.107179 	853.481047 	
1304.418791 	1208.506029 	2082.224717 	1196.119726 	
761.252911 	712.308130 	1925.826718 	680.221459 	
1399.760347 	571.528833 	2238.005305 	218.652043 	
673.541409 	1013.184237 	1611.869055 	963.855823 	
1556.005568 	721.937340 	2499.900000 	705.342898 	
80.073034 	524.860728 	766.275163 	690.392486 	
1735.032552 	1443.607539 	2499.900000 	1768.990745 	
1203.935945 	2349.961453 	2206.388428 	2434.657227 	
989.090492 	590.174137 	1744.536200 	341.503509 	
162.243695 	2499.652542 	909.052833 	2047.932031 	
1453.730948 	1405.016393 	2396.816775 	1438.685826 	
1295.219622 	517.933460 	2105.769752 	449.648902 	
667.493792 	1735.845898 	1502.024967 	1785.346307 	
541.131725 	1967.585274 	1051.551016 	1290.312012 	
449.898183 	723.025017 	1308.932132 	936.459620 	
999.037185 	1253.126117 	1827.746975 	1354.717236 	
1149.037838 	79.016092 	2108.395226 	44.801102 	
1528.543125 	126.271107 	2426.927412 	0.100000 	
166.745210 	1876.193636 	1176.689695 	2116.428040 	
852.784901 	233.927191 	1674.221576 	305.134103 	
621.321900 	1860.403084 	1578.877056 	1583.632140 	
252.457399 	1935.364999 	1206.342926 	1939.763451 	
1316.403236 	2155.347932 	2213.689765 	1802.121777 	
1409.029218 	1907.713441 	2258.618413 	1639.631754 	
1983.462093 	0.46584 	0.962022 	
1732.977465 	0.50645 	0.931019 	
2234.656012 	0.51480 	0.937925 	
1961.972082 	0.48605 	0.952861 	
2079.133777 	0.51383 	0.960513 	
2148.943079 	0.50856 	0.941043 	
1949.873392 	0.50025 	0.947099 	
2033.076003 	0.53512 	0.945441 	
1912.940357 	0.51543 	0.949327 	
2234.163791 	0.49938 	0.945472 	
1818.163863 	0.51403 	0.957575 	
2260.289833 	0.51300 	0.934498 	
2208.274301 	0.53369 	0.970213 	
2295.045215 	0.47220 	0.936363 	
2057.337448 	0.51458 	0.960088 	
2289.233846 	0.50408 	0.961574 	
1987.999352 	0.48192 	0.948334 	
1968.305918 	0.46683 	0.951799 	
1915.032591 	0.48218 	0.945511 	
2090.944239 	0.49808 	0.957851 	
1917.034866 	0.50817 	0.953205 	
1988.289132 	0.51348 	0.952310 	
1949.368476 	0.49365 	0.958598 	
1957.360620 	0.49538 	0.949151 	
1574.580747 	0.51350 	0.962015 	
1952.893405 	0.51663 	0.949767 	
