16
1
1
5.000000e-01
125.000000 	250.000000 	125.000000 	500.000000 	


1
1
5.000000e-01
125.000000 	500.000000 	125.000000 	750.000000 	


1
1
5.000000e-01
125.000000 	750.000000 	125.000000 	1000.000000 	


1
1
5.000000e-01
125.000000 	1000.000000 	125.000000 	1250.000000 	


1
1
5.000000e-01
125.000000 	1250.000000 	125.000000 	1500.000000 	


1
1
5.000000e-01
125.000000 	1500.000000 	125.000000 	1750.000000 	


1
1
5.000000e-01
125.000000 	1750.000000 	125.000000 	2000.000000 	


1
1
5.000000e-01
125.000000 	2000.000000 	125.000000 	2250.000000 	


0
0
5.000000e-01
2325.000000 	250.000000 	2325.000000 	500.000000 	


0
0
5.000000e-01
2325.000000 	500.000000 	2325.000000 	750.000000 	


0
0
5.000000e-01
2325.000000 	750.000000 	2325.000000 	1000.000000 	


0
0
5.000000e-01
2325.000000 	1000.000000 	2325.000000 	1250.000000 	


0
0
5.000000e-01
2325.000000 	1250.000000 	2325.000000 	1500.000000 	


0
0
5.000000e-01
2325.000000 	1500.000000 	2325.000000 	1750.000000 	


0
0
5.000000e-01
2325.000000 	1750.000000 	2325.000000 	2000.000000 	


0
0
5.000000e-01
2325.000000 	2000.000000 	2325.000000 	2250.000000 	


