 2041.88 
 2047.64 
 2052.33 
 2053.44 
 2050.94 
 2044.58 
 2041.48 
 2039.17 
 2035.85 
 2027.49 
 2015.77 
 2001.18 
 1980.81 
 1950.28 
 1917.22 
 1881.33 
 1841.85 
 1804.19 
 1766.02 
 1729.78 
 1693.91 
 1654.65 
 1611.88 
 1568.28 
 1540.24 
 1518.92 
 1501.64 
    1500 
    1500 
 1512.39 
 1524.97 
 1539.39 
 1552.34 
 1564.02 
 1570.24 
 1570.86 
 1566.92 
 1551.45 
 1516.42 
    1500 
    1500 
    1500 
    1500 
    1500 
    1500 
    1500 
    1500 
    1500 
    1500 
    1500 
    1500 
    1500 
    1500 
    1500 
 1537.45 
 1593.83 
 1647.38 
 1697.01 
 1742.72 
    1787 
 1692.55 
 1627.19 
 1553.74 
    1500 
    1500 
    1500 
    1500 
    1500 
    1500 
    1500 
    1500 
    1500 
    1500 
    1500 
    1500 
    1500 
    1500 
    1500 
    1500 
    1500 
    1500 
    1500 
    1500 
    1500 
    1500 
    1500 
    1500 
    1500 
    1500 
    1500 
    1500 
    1500 
    1500 
    1500 
    1500 
    1500 
    1500 
    1500 
    1500 
    1500 
    1500 
    1500 
    1500 
    1500 
    1500 
    1500 
    1500 
    1500 
    1500 
    1500 
    1500 
    1500 
    1500 
    1500 
    1500 
    1500 
    1500 
    1500 
    1500 
    1500 
 2225.91 
  2260.9 
  2290.9 
 2313.56 
 2327.69 
 2332.08 
 2332.33 
 2327.12 
 2326.28 
 2330.12 
 2328.03 
 2319.04 
 2299.62 
 2268.44 
 2223.47 
 2165.71 
 2097.76 
 2019.67 
 1926.82 
 1822.62 
 1704.46 
 1570.25 
    1500 
    1500 
    1500 
    1500 
    1500 
    1500 
    1500 
    1500 
    1500 
    1500 
    1500 
    1500 
    1500 
    1500 
    1500 
    1500 
    1500 
    1500 
    1500 
    1500 
    1500 
    1500 
    1500 
    1500 
    1500 
    1500 
    1500 
    1500 
    1500 
    1500 
    1500 
    1500 
    1500 
    1500 
    1500 
    1500 
    1500 
    1500 
 1958.63 
 1930.25 
 1894.92 
 1840.56 
 1764.69 
 1667.11 
 1545.07 
    1500 
    1500 
    1500 
    1500 
    1500 
    1500 
    1500 
    1500 
    1500 
    1500 
    1500 
    1500 
    1500 
    1500 
    1500 
    1500 
    1500 
    1500 
    1500 
    1500 
    1500 
    1500 
    1500 
    1500 
    1500 
    1500 
    1500 
    1500 
    1500 
    1500 
    1500 
    1500 
    1500 
    1500 
    1500 
    1500 
    1500 
    1500 
    1500 
    1500 
    1500 
    1500 
    1500 
    1500 
    1500 
    1500 
    1500 
    1500 
    1500 
    1500 
    1500 
 1569.74 
 1667.28 
 2005.28 
 2012.16 
 2018.25 
 2027.84 
  2043.7 
 2062.89 
 2083.37 
 2098.48 
 2100.99 
 2092.08 
 2073.99 
 2051.21 
 2021.91 
 1985.92 
 1947.67 
 1911.35 
 1877.11 
 1845.35 
 1818.94 
 1795.87 
  1773.3 
 1754.12 
 1741.32 
 1731.54 
 1718.82 
 1698.32 
 1668.15 
 1629.53 
 1582.07 
 1523.51 
    1500 
    1500 
    1500 
    1500 
    1500 
    1500 
    1500 
    1500 
    1500 
    1500 
    1500 
    1500 
    1500 
    1500 
    1500 
    1500 
    1500 
    1500 
    1500 
    1500 
    1500 
    1500 
    1500 
    1500 
    1500 
    1500 
    1500 
    1500 
    1500 
    1500 
 2308.87 
 2357.16 
 2401.31 
 2440.51 
 2470.98 
 2501.73 
 2525.39 
  2539.3 
 2545.68 
 2547.12 
 2545.87 
 2543.29 
 2535.18 
  2524.3 
 2506.45 
 2482.31 
 2454.19 
 2426.37 
 2396.97 
 2362.85 
 2325.29 
 2282.65 
 2244.75 
 2206.29 
 2171.88 
 2151.08 
 2145.02 
 2155.22 
 2188.31 
 2243.34 
 2314.78 
  2399.4 
 2489.41 
 2583.35 
  2680.8 
 2776.37 
 2872.77 
 2959.41 
 3037.67 
 3100.08 
 3144.69 
 3167.26 
 3167.88 
 3148.22 
 3106.84 
 3044.69 
    2962 
 2864.36 
 2753.68 
  2632.6 
 2507.87 
  2384.6 
 2262.96 
 2144.77 
 2041.25 
 1959.07 
 1902.74 
 1866.67 
 1848.24 
 1845.13 
 1587.66 
 1524.26 
    1500 
    1500 
    1500 
    1500 
    1500 
    1500 
    1500 
    1500 
    1500 
    1500 
    1500 
    1500 
    1500 
    1500 
    1500 
    1500 
    1500 
    1500 
    1500 
 1502.32 
 1515.01 
 1554.09 
 1627.56 
 1692.03 
 1747.23 
 1790.43 
  1820.7 
 1844.58 
 1869.32 
 1894.83 
    1923 
 1948.45 
  1972.8 
 2002.54 
 2039.08 
 2081.72 
 2137.39 
 2202.73 
 2274.48 
  2342.6 
 2408.12 
 2461.67 
 2501.02 
 2532.12 
 2561.56 
 2588.31 
 2605.08 
 2606.69 
 2591.45 
 2567.21 
 2535.03 
 2494.78 
 2451.79 
 2411.33 
 2372.78 
 2337.74 
 2299.53 
 2256.06 
 2061.75 
 2065.89 
 2065.47 
 2069.95 
 2084.18 
  2113.8 
 2154.33 
 2204.29 
  2261.8 
 2325.19 
 2391.99 
 2461.96 
 2525.95 
 2574.63 
 2610.48 
 2636.26 
 2657.66 
 2671.51 
 2674.72 
 2666.46 
 2646.64 
 2617.42 
 2583.81 
 2545.28 
 2506.14 
 2465.32 
 2420.81 
 2367.63 
 2312.37 
  2257.4 
 2200.78 
 2142.16 
 2084.46 
 2026.64 
 1968.96 
  1917.8 
 1880.57 
 1851.31 
  1832.2 
 1825.87 
 1837.62 
 1868.51 
 1913.92 
 1979.71 
 2057.54 
 2139.66 
 2220.07 
 2293.74 
  2359.1 
 2420.72 
  2473.4 
  2513.8 
 2538.81 
 2548.83 
 2541.97 
 2514.96 
 2474.33 
 2422.81 
 2365.99 
 2308.29 
 2169.65 
 2210.33 
 2254.39 
 2304.72 
 2361.63 
  2411.2 
 2452.75 
 2487.86 
 2515.14 
 2540.31 
 2565.81 
 2589.08 
 2609.19 
 2622.07 
 2628.34 
 2629.69 
 2620.31 
 2606.95 
 2595.49 
 2592.83 
    2598 
 2611.17 
 2621.89 
 2627.93 
 2635.46 
    2649 
 2667.39 
 2678.83 
 2682.21 
 2683.25 
 2677.64 
 2667.48 
 2649.64 
 2623.66 
 2590.95 
  2552.1 
 2502.65 
 2440.12 
 2369.36 
 2302.31 
 2236.61 
 2179.79 
 2134.02 
 2091.51 
 2056.56 
 2030.44 
 2009.42 
 1985.53 
 1956.42 
 1927.43 
 1900.17 
 1877.06 
 1860.58 
 1846.15 
 1835.24 
 1825.75 
 1818.11 
 1816.72 
  1821.9 
 1836.76 
    1500 
    1500 
    1500 
    1500 
    1500 
    1500 
    1500 
    1500 
    1500 
    1500 
    1500 
    1500 
    1500 
    1500 
    1500 
    1500 
    1500 
    1500 
    1500 
 1505.87 
 1551.92 
 1591.86 
 1624.96 
 1663.08 
 1704.98 
 1753.28 
 1808.41 
 1867.92 
 1932.58 
 2006.04 
 2084.68 
  2167.9 
 2250.66 
 2324.39 
 2381.03 
 2413.72 
 2427.27 
 2420.22 
 2389.89 
 2331.75 
 2243.96 
  2126.4 
  1985.4 
  1824.5 
 1644.71 
    1500 
    1500 
    1500 
    1500 
    1500 
    1500 
    1500 
    1500 
    1500 
    1500 
    1500 
    1500 
    1500 
    1500 
    1500 
 1730.07 
 1699.25 
 1681.96 
 1672.26 
 1674.75 
 1681.41 
 1695.96 
 1714.94 
 1743.78 
 1776.09 
 1809.39 
 1840.84 
 1877.87 
 1923.62 
 1977.97 
  2039.7 
 2107.02 
 2182.32 
 2261.39 
 2343.43 
 2427.53 
  2509.4 
 2583.58 
 2655.25 
 2718.09 
 2760.98 
 2777.97 
  2766.6 
 2729.14 
 2663.09 
 2571.25 
 2454.17 
 2310.93 
 2146.12 
 1964.47 
 1775.16 
 1578.65 
    1500 
    1500 
    1500 
    1500 
    1500 
    1500 
    1500 
    1500 
    1500 
    1500 
    1500 
    1500 
    1500 
    1500 
    1500 
  1591.3 
 1696.76 
  1789.5 
 1867.01 
 1932.71 
 1984.24 
 2021.84 
 2042.78 
    1500 
    1500 
    1500 
    1500 
    1500 
    1500 
    1500 
    1500 
    1500 
    1500 
    1500 
    1500 
    1500 
    1500 
    1500 
    1500 
    1500 
    1500 
    1500 
    1500 
    1500 
    1500 
    1500 
    1500 
    1500 
    1500 
    1500 
    1500 
    1500 
    1500 
    1500 
    1500 
    1500 
    1500 
    1500 
    1500 
    1500 
    1500 
    1500 
    1500 
    1500 
    1500 
    1500 
    1500 
    1500 
    1500 
    1500 
    1500 
    1500 
    1500 
    1500 
    1500 
    1500 
    1500 
    1500 
    1500 
    1500 
    1500 
    1500 
 1527.19 
 2075.41 
 2105.56 
  2137.8 
 2173.34 
  2207.5 
 2242.43 
 2279.99 
 2312.12 
 2326.78 
 2330.82 
 2315.09 
 2285.17 
 2238.09 
 2179.13 
 2107.43 
 2026.46 
 1937.14 
 1848.55 
 1771.61 
 1714.37 
 1679.57 
 1662.94 
    1665 
  1684.1 
 1714.79 
 1751.67 
 1788.52 
 1820.26 
 1847.23 
 1865.03 
 1876.95 
 1874.46 
 1856.83 
 1826.93 
 1791.01 
 1754.16 
 1724.41 
 1723.54 
 1737.06 
  1745.6 
 1752.47 
 1759.05 
  1765.8 
 1770.42 
 1812.05 
 1854.57 
 1890.52 
 1917.53 
 1932.81 
 1933.59 
 1925.63 
 1907.98 
 1885.15 
 1861.17 
 1836.23 
 1811.09 
 1790.35 
 1782.64 
 1785.83 
 1801.32 
 1673.27 
 1614.63 
 1557.73 
 1502.66 
    1500 
    1500 
    1500 
    1500 
    1500 
    1500 
    1500 
    1500 
    1500 
    1500 
    1500 
    1500 
    1500 
    1500 
    1500 
    1500 
    1500 
    1500 
    1500 
    1500 
    1500 
    1500 
    1500 
    1500 
    1500 
    1500 
    1500 
    1500 
    1500 
    1500 
    1500 
    1500 
    1500 
    1500 
    1500 
    1500 
    1500 
    1500 
    1500 
    1500 
    1500 
    1500 
    1500 
    1500 
    1500 
    1500 
    1500 
    1500 
    1500 
    1500 
    1500 
    1500 
    1500 
    1500 
    1500 
    1500 
    1500 
    1500 
    1500 
    1500 
    1500 
    1500 
    1500 
    1500 
    1500 
    1500 
    1500 
    1500 
    1500 
    1500 
    1500 
    1500 
    1500 
    1500 
    1500 
    1500 
    1500 
    1500 
    1500 
    1500 
    1500 
    1500 
    1500 
    1500 
    1500 
 1540.53 
 1567.52 
 1562.73 
 1525.94 
    1500 
    1500 
    1500 
    1500 
    1500 
    1500 
    1500 
    1500 
    1500 
    1500 
    1500 
    1500 
    1500 
    1500 
    1500 
    1500 
    1500 
    1500 
 1526.89 
 1613.69 
 1687.31 
 1749.85 
 1803.11 
 1846.36 
 1881.99 
 1912.62 
 1937.51 
    1500 
    1500 
    1500 
    1500 
    1500 
    1500 
    1500 
    1500 
    1500 
    1500 
    1500 
    1500 
    1500 
    1500 
    1500 
    1500 
    1500 
    1500 
 1578.19 
 1669.03 
 1747.99 
  1813.8 
 1873.69 
 1935.09 
 1999.64 
 2068.62 
 2138.55 
 2213.49 
 2286.48 
 2360.63 
 2433.17 
 2498.31 
 2551.08 
  2585.8 
 2607.44 
 2616.69 
  2613.5 
 2600.93 
 2582.57 
 2557.23 
 2522.31 
 2477.69 
 2415.86 
 2336.18 
 2240.96 
 2132.34 
 2015.86 
 1897.81 
 1785.68 
 1683.78 
 1592.39 
 1512.62 
    1500 
    1500 
    1500 
    1500 
    1500 
    1500 
 1540.86 
 1607.13 
    1500 
    1500 
    1500 
    1500 
    1500 
    1500 
    1500 
    1500 
    1500 
    1500 
    1500 
    1500 
    1500 
    1500 
    1500 
    1500 
    1500 
    1500 
    1500 
    1500 
    1500 
    1500 
    1500 
    1500 
    1500 
    1500 
    1500 
    1500 
    1500 
    1500 
 1567.06 
 1643.35 
 1717.42 
 1785.13 
 1842.12 
 1887.25 
 1926.06 
 1957.54 
 1989.59 
 2019.12 
 2040.98 
 2056.78 
 2069.11 
 2079.82 
 2095.01 
  2116.9 
 2145.75 
 2180.38 
 2217.85 
 2253.21 
 2282.37 
 2305.55 
 2324.33 
 2335.91 
 2346.65 
 2359.32 
 2363.22 
 2350.98 
 2325.36 
 2293.13 
 1993.17 
 2019.39 
 2055.64 
 2096.53 
 2133.25 
 2167.27 
 2193.87 
 2210.53 
 2217.88 
 2215.26 
 2200.69 
 2177.53 
  2153.6 
 2133.09 
 2112.11 
 2091.03 
 2067.19 
 2044.85 
 2018.02 
 1990.05 
 1960.61 
 1935.01 
 1919.89 
 1914.19 
 1918.44 
 1930.54 
  1944.9 
 1959.87 
 1967.69 
 1972.33 
 1971.98 
 1970.25 
 1959.26 
 1945.81 
 1932.75 
 1918.42 
 1899.74 
 1878.96 
 1856.15 
 1828.55 
 1803.25 
 1785.68 
 1772.34 
 1759.69 
 1748.93 
 1741.22 
 1738.44 
 1746.36 
  1759.7 
 1775.75 
 1788.31 
 1806.14 
 1830.38 
 1859.31 
 1890.36 
 1920.37 
 1948.18 
 1974.74 
  1994.6 
 2009.29 
 1582.37 
 1590.42 
 1593.58 
 1588.95 
 1576.36 
 1558.71 
 1537.47 
 1516.74 
 1542.16 
 1563.18 
 1574.32 
 1576.96 
 1575.74 
 1566.16 
  1550.3 
 1530.02 
 1511.43 
 1500.06 
    1500 
    1500 
    1500 
    1500 
    1500 
    1500 
 1501.95 
  1527.5 
 1561.19 
 1603.35 
 1650.78 
 1700.36 
 1748.12 
 1790.89 
 1826.85 
 1854.91 
 1876.78 
 1890.51 
 1892.23 
 1881.69 
  1863.7 
  1838.7 
 1810.59 
  1775.5 
 1739.56 
 1704.65 
 1673.34 
 1643.18 
  1612.5 
 1583.72 
  1563.2 
  1554.3 
 1553.45 
 1555.22 
 1558.39 
 1568.59 
  1584.4 
  1604.6 
 1631.63 
 1668.12 
 1710.04 
 1749.28 
 2388.95 
 2431.52 
 2460.71 
 2470.78 
 2462.75 
 2445.41 
 2419.11 
 2395.43 
 2373.87 
 2352.09 
 2332.32 
 2316.89 
 2304.16 
 2296.77 
 2290.01 
 2283.94 
  2277.3 
  2274.7 
 2280.93 
 2287.56 
 2291.56 
 2297.19 
 2304.56 
 2314.11 
 2315.89 
 2303.87 
 2273.75 
 2223.61 
 2157.71 
 2073.38 
 1976.54 
 1865.16 
 1739.92 
 1597.05 
    1500 
    1500 
    1500 
    1500 
    1500 
    1500 
    1500 
    1500 
    1500 
    1500 
    1500 
    1500 
    1500 
    1500 
    1500 
    1500 
    1500 
    1500 
    1500 
    1500 
    1500 
    1500 
 1528.96 
 1573.28 
 1615.79 
 1666.06 
 1850.24 
 1823.14 
 1802.45 
 1791.67 
 1784.42 
 1780.27 
 1780.56 
 1784.22 
 1796.69 
 1812.91 
 1831.41 
 1853.83 
    1881 
 1913.87 
 1946.52 
  1975.2 
 1998.97 
 2019.41 
 2035.14 
 2050.42 
 2065.49 
 2073.06 
 2080.45 
 2081.14 
 2077.87 
 2072.11 
 2065.89 
 2059.77 
 2052.99 
 2046.66 
 2035.38 
  2023.3 
 2013.76 
 2011.23 
 2021.67 
 2047.76 
 2086.11 
  2136.4 
  2192.5 
 2254.17 
 2315.97 
 2377.96 
 2439.87 
 2498.82 
 2550.53 
 2592.27 
 2620.22 
 2629.12 
 2615.92 
 2587.71 
 2538.67 
 2472.29 
 2387.52 
 2288.46 
 2184.22 
 2086.55 
 1997.08 
 1924.89 
 1871.49 
 1844.86 
 2227.45 
 2241.69 
 2245.06 
 2239.59 
 2233.65 
 2225.46 
 2217.83 
 2221.71 
 2226.66 
 2231.42 
 2234.88 
 2235.85 
 2236.55 
 2236.14 
 2234.56 
 2228.57 
 2210.22 
 2183.91 
 2145.11 
 2096.45 
 2036.74 
 1967.76 
 1896.09 
 1822.25 
 1747.48 
 1675.26 
 1609.42 
 1545.99 
    1500 
    1500 
    1500 
    1500 
    1500 
    1500 
    1500 
    1500 
    1500 
    1500 
    1500 
    1500 
    1500 
    1500 
    1500 
    1500 
    1500 
    1500 
    1500 
    1500 
    1500 
 1538.77 
 1583.41 
 1625.71 
 1660.45 
 1686.55 
 1702.27 
  1703.6 
 1711.08 
 1749.04 
 1786.68 
 1824.75 
    1500 
    1500 
    1500 
    1500 
    1500 
    1500 
    1500 
    1500 
    1500 
    1500 
    1500 
    1500 
    1500 
    1500 
 1609.41 
 1712.34 
 1795.84 
 1861.78 
 1907.41 
 1920.79 
 1902.09 
 1865.85 
 1820.75 
 1777.34 
  1734.5 
 1700.07 
 1677.74 
 1674.73 
 1695.36 
 1745.71 
 1817.58 
  1910.1 
 2016.18 
 2135.33 
 2254.96 
 2364.87 
 2451.98 
 2522.75 
 2578.06 
 2613.65 
 2628.99 
 2621.53 
 2595.03 
 2554.23 
 2506.89 
 2458.37 
 2411.02 
 2365.34 
 2329.93 
 2306.27 
 2293.19 
 2285.16 
 2269.98 
 2249.67 
 2220.25 
 2185.93 
 2149.81 
 2113.08 
 2078.61 
 2049.35 
 1731.54 
 1652.51 
 1566.68 
    1500 
    1500 
    1500 
    1500 
    1500 
    1500 
    1500 
    1500 
    1500 
    1500 
    1500 
    1500 
    1500 
    1500 
    1500 
    1500 
    1500 
    1500 
    1500 
    1500 
    1500 
    1500 
    1500 
    1500 
    1500 
    1500 
    1500 
    1500 
    1500 
    1500 
    1500 
    1500 
    1500 
 1503.87 
 1523.55 
 1556.58 
 1591.25 
 1626.38 
 1671.56 
 1731.35 
 1804.83 
 1890.94 
 1986.46 
 2082.97 
 2176.69 
 2259.67 
 2328.78 
 2390.86 
 2444.05 
 2485.97 
 2516.75 
 2540.63 
 2551.84 
 2543.71 
 2511.96 
 2461.13 
 2404.39 
 1823.99 
  1818.2 
 1827.68 
 1853.69 
 1898.24 
 1964.09 
  2050.8 
 2157.35 
 2277.95 
 2408.26 
  2546.4 
 2685.06 
 2817.29 
 2933.55 
  3032.4 
 3116.11 
 3181.04 
 3223.51 
 3242.19 
  3240.9 
  3214.7 
 3166.26 
 3104.12 
 3032.32 
 2958.42 
 2881.21 
 2812.58 
  2754.9 
 2711.59 
 2677.51 
 2650.79 
 2630.08 
 2613.25 
 2594.94 
 2584.17 
 2578.06 
 2570.66 
 2554.55 
 2535.32 
 2516.94 
 2497.51 
 2471.88 
 2439.33 
 2404.65 
 2368.94 
 2336.92 
 2313.87 
 2302.37 
 2301.05 
 2304.24 
 2310.53 
 2318.21 
 2328.03 
 2337.15 
 2343.88 
 2349.82 
 2349.74 
 2343.13 
 2325.83 
 2296.74 
  1968.8 
 1950.12 
 1923.16 
 1886.67 
 1837.57 
 1779.95 
 1709.38 
 1627.44 
  1548.5 
    1500 
    1500 
    1500 
    1500 
    1500 
    1500 
    1500 
    1500 
    1500 
    1500 
 1585.02 
 1711.08 
  1848.3 
 1988.82 
 2126.13 
 2259.09 
 2387.48 
 2495.87 
 2580.38 
 2644.64 
 2683.06 
 2694.66 
 2676.07 
 2627.31 
 2549.53 
 2452.85 
 2342.26 
 2214.52 
 2072.72 
 1909.18 
 1730.93 
 1543.96 
    1500 
    1500 
    1500 
    1500 
    1500 
    1500 
    1500 
    1500 
    1500 
    1500 
    1500 
    1500 
    1500 
    1500 
    1500 
    1500 
    1500 
    1500 
    1500 
 2065.42 
 2076.53 
 2085.57 
 2088.05 
 2074.48 
 2055.27 
 2044.68 
 2021.26 
 1984.18 
 1928.87 
 1858.27 
 1777.29 
 1695.51 
 1622.97 
  1560.3 
 1536.68 
 1515.97 
    1500 
    1500 
    1500 
    1500 
    1500 
    1500 
    1500 
  1532.2 
  1607.6 
 1694.07 
 1780.12 
 1863.12 
 1945.53 
 2022.72 
 2093.76 
 2152.22 
 2199.44 
 2233.56 
 2255.45 
 2269.51 
 2268.68 
 2252.98 
  2222.2 
 2178.28 
 2121.76 
 2055.07 
 1976.62 
 1887.64 
 1790.49 
 1685.82 
 1570.57 
    1500 
    1500 
    1500 
    1500 
    1500 
    1500 
    1500 
    1500 
    1500 
    1500 
    1500 
    1500 
 2624.96 
 2682.27 
 2711.68 
 2721.81 
 2721.86 
 2711.05 
 2692.93 
  2667.3 
 2640.74 
 2612.44 
 2581.96 
 2559.36 
 2544.63 
 2536.29 
  2533.4 
 2538.93 
 2545.85 
 2553.71 
 2557.07 
 2554.14 
  2541.6 
 2521.21 
 2501.17 
  2480.3 
 2461.47 
 2446.57 
 2431.71 
 2422.22 
 2412.85 
  2406.9 
 2401.47 
 2388.91 
  2370.8 
 2343.23 
 2303.04 
  2253.5 
 2194.26 
  2125.7 
 2051.23 
 1982.24 
 1922.95 
 1877.29 
 1846.77 
 1828.61 
 1821.99 
 1825.56 
 1840.01 
  1859.2 
 1878.62 
 1903.08 
 1931.05 
 1953.45 
 1973.47 
  1991.6 
 2007.57 
 2023.91 
 2038.26 
 2049.74 
 2054.75 
 2053.45 
    1500 
    1500 
    1500 
    1500 
    1500 
    1500 
    1500 
 1501.96 
 1598.46 
  1705.5 
 1815.35 
 1924.49 
 2034.34 
 2139.98 
 2237.66 
 2320.39 
  2381.6 
 2422.98 
 2447.62 
  2456.8 
 2446.68 
 2406.13 
 2336.71 
 2244.49 
 2132.28 
 2006.32 
 1869.53 
 1730.29 
 1614.08 
 1560.29 
 1504.11 
    1500 
    1500 
    1500 
    1500 
    1500 
    1500 
    1500 
    1500 
    1500 
    1500 
    1500 
    1500 
 1535.52 
 1616.32 
 1688.81 
 1753.96 
 1814.05 
 1861.66 
 1895.91 
 1917.77 
  1930.7 
 1943.62 
 1956.03 
  1967.8 
 1974.88 
 1981.43 
 1986.77 
 1990.82 
 1991.48 
 2778.24 
 2846.26 
 2871.77 
 2858.79 
 2810.44 
 2722.98 
 2598.49 
 2439.38 
 2243.41 
 2008.39 
  1741.9 
    1500 
    1500 
    1500 
    1500 
    1500 
    1500 
    1500 
    1500 
    1500 
    1500 
    1500 
    1500 
    1500 
    1500 
    1500 
    1500 
    1500 
    1500 
    1500 
    1500 
    1500 
    1500 
 1625.96 
 1771.41 
 1878.26 
 1954.56 
 1996.75 
 2013.44 
 2009.75 
 1994.68 
 1967.06 
 1925.43 
 1878.29 
 1829.98 
 1787.96 
 1754.33 
 1733.21 
 1723.86 
 1725.18 
 1734.93 
 1752.23 
 1776.16 
 1806.93 
 1838.47 
 1876.79 
 1918.87 
 1956.33 
 1983.46 
 1995.47 
 1743.78 
 1725.18 
 1719.99 
 1718.27 
 1715.61 
 1708.51 
 1697.78 
 1684.62 
 1666.09 
 1638.32 
 1597.93 
 1540.27 
    1500 
    1500 
    1500 
    1500 
    1500 
    1500 
    1500 
    1500 
    1500 
    1500 
    1500 
    1500 
    1500 
    1500 
    1500 
    1500 
    1500 
    1500 
    1500 
    1500 
    1500 
    1500 
    1500 
    1500 
    1500 
    1500 
    1500 
    1500 
    1500 
    1500 
    1500 
    1500 
    1500 
    1500 
    1500 
    1500 
    1500 
    1500 
    1500 
    1500 
    1500 
    1500 
    1500 
    1500 
    1500 
    1500 
 1592.79 
  1679.2 
 1907.95 
 1894.51 
 1886.57 
  1885.7 
 1892.12 
 1903.88 
  1923.7 
 1954.91 
 1998.01 
 2054.99 
 2124.44 
  2203.6 
 2281.36 
 2357.81 
  2435.1 
 2509.49 
 2573.09 
 2630.91 
 2685.42 
 2727.79 
 2749.38 
 2751.87 
 2731.55 
 2698.58 
 2653.44 
 2590.18 
  2521.3 
 2446.23 
 2367.87 
 2282.41 
 2188.31 
 2090.67 
  1983.7 
 1868.03 
 1739.14 
 1602.36 
    1500 
    1500 
    1500 
    1500 
    1500 
    1500 
    1500 
    1500 
    1500 
    1500 
    1500 
    1500 
    1500 
    1500 
    1500 
    1500 
    1500 
    1500 
    1500 
    1500 
    1500 
    1500 
    1500 
    1500 
 1998.54 
 1994.54 
 1988.35 
 1976.31 
 1960.34 
 1940.58 
 1917.69 
 1887.45 
 1850.12 
 1809.37 
 1766.85 
 1726.28 
 1689.18 
 1651.62 
 1613.49 
 1579.06 
 1555.65 
 1539.01 
 1524.02 
 1512.26 
    1500 
    1500 
    1500 
    1500 
    1500 
 1516.65 
 1551.08 
 1603.82 
 1664.05 
 1725.09 
 1783.45 
 1834.93 
  1876.1 
  1905.9 
 1920.77 
 1925.19 
 1923.25 
 1920.19 
 1914.06 
 1908.81 
 1899.55 
 1889.42 
 1880.19 
 1874.09 
 1870.99 
 1872.26 
  1879.7 
  1890.6 
 1902.76 
 1914.58 
 1927.65 
 1941.59 
 1961.31 
 1987.42 
 2011.04 
  2029.5 
 2047.23 
 2059.67 
 2066.35 
    2069 
 2134.12 
  2113.8 
 2067.72 
 2001.46 
 1917.16 
 1818.16 
 1702.13 
 1574.29 
    1500 
    1500 
    1500 
    1500 
    1500 
    1500 
    1500 
    1500 
    1500 
    1500 
    1500 
    1500 
    1500 
    1500 
    1500 
    1500 
    1500 
    1500 
    1500 
    1500 
    1500 
    1500 
    1500 
    1500 
    1500 
    1500 
    1500 
    1500 
    1500 
    1500 
    1500 
    1500 
    1500 
    1500 
    1500 
    1500 
 1557.23 
 1616.73 
 1672.69 
 1718.01 
 1754.52 
 1787.14 
 1813.93 
 1841.39 
 1875.91 
 1920.12 
 1965.17 
  2010.6 
 2057.66 
 2093.22 
 2110.44 
 2117.06 
 1817.58 
 1779.46 
 1738.21 
 1700.75 
 1667.75 
 1646.47 
  1636.4 
 1639.18 
 1657.42 
 1691.21 
 1735.44 
 1791.08 
  1858.1 
 1930.56 
 2006.14 
 2072.62 
 2126.23 
 2161.51 
 2177.18 
 2173.04 
 2148.23 
 2097.84 
  2021.6 
 1916.02 
  1776.4 
  1608.6 
    1500 
    1500 
    1500 
    1500 
    1500 
    1500 
    1500 
    1500 
    1500 
    1500 
    1500 
    1500 
    1500 
    1500 
    1500 
    1500 
    1500 
    1500 
    1500 
    1500 
    1500 
    1500 
    1500 
 1573.17 
 1668.94 
 1752.22 
 1820.37 
 1872.57 
 1910.75 
 1933.55 
 1949.17 
 1957.29 
 1968.45 
 1977.06 
 1505.93 
    1500 
    1500 
    1500 
    1500 
    1500 
    1500 
    1500 
    1500 
    1500 
    1500 
    1500 
    1500 
    1500 
    1500 
    1500 
    1500 
    1500 
    1500 
 1545.21 
  1663.8 
 1762.29 
 1834.97 
 1881.57 
 1898.11 
 1892.73 
 1872.91 
 1848.27 
 1818.43 
 1780.81 
 1734.58 
 1686.42 
 1648.24 
 1628.76 
 1629.13 
 1638.21 
 1651.06 
    1667 
  1686.3 
  1704.6 
 1709.83 
 1699.24 
  1676.5 
 1647.56 
 1618.39 
 1587.85 
 1558.21 
 1533.27 
 1512.06 
    1500 
    1500 
 1502.75 
 1521.99 
 1549.18 
 1584.66 
 1625.17 
 1667.61 
 1701.55 
 1734.96 
 1771.85 
 1822.22 
  1781.2 
 1737.86 
 1697.32 
 1658.53 
  1627.4 
 1604.16 
 1591.94 
 1612.71 
 1633.61 
 1655.33 
 1685.14 
 1742.54 
 1802.38 
 1863.43 
 1925.72 
 1988.63 
 2050.04 
 2100.14 
 2138.41 
  2163.7 
 2176.68 
 2178.64 
 2176.35 
 2171.58 
 2158.93 
 2146.76 
 2138.86 
 2136.34 
 2140.17 
 2143.98 
 2150.13 
 2161.81 
 2177.26 
 2193.33 
 2213.48 
  2227.4 
 2231.11 
 2222.85 
 2198.87 
 2160.28 
 2106.66 
 2035.42 
 1946.32 
 1846.81 
 1738.57 
 1623.52 
 1573.72 
 1545.23 
 1519.47 
    1500 
    1500 
    1500 
    1500 
    1500 
    1500 
    1500 
    1500 
    1500 
    1500 
 1981.56 
  1979.3 
 1975.45 
 1965.79 
 1951.21 
 1936.87 
 1925.98 
 1917.99 
 1910.93 
  1901.4 
 1885.71 
 1861.36 
 1839.35 
 1819.68 
 1805.66 
  1801.3 
 1799.18 
 1800.77 
 1803.49 
  1804.9 
 1810.08 
 1824.85 
 1849.11 
 1880.61 
 1914.41 
 1949.44 
  1984.4 
 2019.06 
 2058.22 
 2106.67 
 2156.69 
 2208.08 
 2260.01 
 2318.86 
 2380.87 
 2441.12 
 2499.25 
 2549.19 
 2597.89 
 2641.18 
 2677.09 
 2699.97 
 2705.76 
 2694.37 
 2671.39 
 2634.79 
 2589.65 
 2529.72 
    2459 
 2381.03 
 2301.23 
 2230.34 
 2168.04 
 2116.61 
 2079.51 
  2052.8 
 2037.41 
 2034.18 
 2028.21 
 2022.89 
 2445.76 
 2523.14 
    2597 
 2657.51 
 2698.27 
 2716.59 
 2711.78 
  2686.5 
 2637.85 
 2572.65 
 2490.27 
  2392.9 
 2286.26 
 2179.17 
 2075.63 
 1980.45 
 1891.51 
 1814.41 
 1751.19 
 1700.97 
 1666.37 
 1639.09 
 1623.03 
  1619.6 
 1633.13 
 1650.67 
 1689.28 
 1737.37 
 1786.28 
 1849.84 
 1921.59 
 2002.34 
 2087.85 
 2175.78 
  2269.2 
 2362.11 
 2451.01 
 2529.06 
 2592.48 
 2637.21 
 2660.12 
 2648.99 
 2610.72 
  2547.5 
 2456.78 
 2339.77 
 2201.98 
 2054.27 
 1895.21 
 1735.06 
 1572.95 
    1500 
    1500 
    1500 
    1500 
    1500 
    1500 
    1500 
    1500 
    1500 
    1500 
    1500 
    1500 
    1500 
    1500 
    1500 
    1500 
    1500 
    1500 
    1500 
    1500 
    1500 
    1500 
    1500 
    1500 
    1500 
    1500 
    1500 
    1500 
    1500 
    1500 
    1500 
    1500 
    1500 
    1500 
    1500 
    1500 
    1500 
    1500 
    1500 
    1500 
    1500 
    1500 
    1500 
    1500 
    1500 
    1500 
    1500 
    1500 
    1500 
    1500 
    1500 
    1500 
    1500 
    1500 
    1500 
    1500 
    1500 
    1500 
    1500 
    1500 
    1500 
    1500 
    1500 
    1500 
    1500 
    1500 
    1500 
    1500 
    1500 
       0 
       0 
       0 
       0 
       0 
       0 
       0 
       0 
       0 
       0 
       0 
       0 
       0 
       0 
       0 
       0 
       0 
       0 
       0 
       0 
       0 
       0 
       0 
       0 
       0 
       0 
       0 
       0 
       0 
       0 
       0 
       0 
       0 
       0 
       0 
       0 
       0 
       0 
       0 
       0 
       0 
       0 
       0 
       0 
       0 
       0 
       0 
       0 
       0 
       0 
       0 
       0 
       0 
       0 
       0 
 23.0522 
  51.538 
 70.4018 
 80.7774 
 85.4193 
       0 
       0 
       0 
       0 
       0 
       0 
       0 
       0 
       0 
       0 
       0 
       0 
       0 
       0 
       0 
       0 
       0 
       0 
       0 
       0 
       0 
       0 
       0 
       0 
       0 
       0 
       0 
       0 
       0 
       0 
       0 
       0 
       0 
       0 
       0 
       0 
       0 
       0 
       0 
       0 
       0 
       0 
       0 
       0 
       0 
       0 
       0 
       0 
       0 
       0 
       0 
       0 
       0 
       0 
       0 
       0 
       0 
       0 
       0 
       0 
       0 
       0 
       0 
       0 
       0 
       0 
       0 
       0 
       0 
       0 
       0 
       0 
       0 
       0 
       0 
       0 
       0 
       0 
       0 
       0 
       0 
       0 
       0 
       0 
       0 
       0 
       0 
       0 
       0 
       0 
       0 
       0 
       0 
       0 
       0 
       0 
       0 
       0 
       0 
       0 
       0 
       0 
       0 
       0 
       0 
       0 
       0 
       0 
       0 
       0 
       0 
       0 
       0 
       0 
       0 
       0 
  7.1487 
 12.4263 
 16.2018 
 17.3911 
       0 
       0 
       0 
       0 
       0 
       0 
       0 
       0 
       0 
       0 
       0 
       0 
       0 
       0 
       0 
       0 
       0 
       0 
       0 
       0 
       0 
       0 
       0 
       0 
       0 
       0 
       0 
       0 
       0 
       0 
       0 
       0 
       0 
       0 
       0 
       0 
       0 
       0 
       0 
       0 
       0 
       0 
       0 
       0 
       0 
       0 
       0 
       0 
       0 
       0 
       0 
       0 
       0 
       0 
       0 
       0 
       0 
       0 
       0 
       0 
       0 
       0 
       0 
       0 
       0 
       0 
       0 
       0 
       0 
       0 
       0 
       0 
       0 
       0 
       0 
       0 
       0 
       0 
       0 
       0 
       0 
       0 
       0 
       0 
       0 
       0 
       0 
       0 
       0 
       0 
       0 
       0 
       0 
       0 
       0 
       0 
       0 
       0 
       0 
       0 
       0 
       0 
       0 
       0 
       0 
       0 
       0 
       0 
       0 
       0 
       0 
       0 
       0 
       0 
       0 
       0 
       0 
       0 
       0 
       0 
 138.203 
 158.697 
 178.982 
 197.801 
 215.227 
 229.269 
 237.285 
 239.844 
 235.256 
 223.573 
 203.271 
 176.774 
 143.073 
 103.441 
 58.6149 
 9.32694 
       0 
       0 
       0 
       0 
       0 
       0 
       0 
       0 
       0 
       0 
       0 
       0 
       0 
       0 
       0 
       0 
       0 
       0 
       0 
       0 
       0 
       0 
       0 
       0 
       0 
       0 
       0 
       0 
       0 
       0 
       0 
       0 
       0 
       0 
       0 
       0 
       0 
       0 
       0 
       0 
       0 
       0 
       0 
       0 
       0 
       0 
       0 
       0 
       0 
       0 
       0 
       0 
       0 
       0 
       0 
       0 
       0 
       0 
       0 
       0 
       0 
       0 
       0 
       0 
       0 
       0 
       0 
       0 
       0 
       0 
       0 
       0 
       0 
       0 
       0 
       0 
       0 
       0 
       0 
       0 
       0 
       0 
       0 
       0 
       0 
       0 
       0 
       0 
       0 
       0 
       0 
       0 
       0 
       0 
       0 
       0 
       0 
       0 
       0 
       0 
       0 
       0 
       0 
       0 
       0 
       0 
       0 
       0 
       0 
       0 
       0 
       0 
       0 
       0 
       0 
       0 
       0 
       0 
       0 
       0 
       0 
       0 
       0 
       0 
       0 
       0 
       0 
       0 
       0 
       0 
       0 
       0 
       0 
       0 
       0 
       0 
       0 
       0 
       0 
       0 
       0 
       0 
       0 
       0 
       0 
       0 
       0 
       0 
       0 
       0 
       0 
       0 
       0 
       0 
       0 
       0 
       0 
       0 
       0 
       0 
       0 
       0 
       0 
       0 
 125.382 
 136.721 
 145.395 
 150.043 
 150.764 
 147.788 
 141.605 
 134.827 
 127.011 
 118.902 
 111.959 
  106.02 
 100.824 
 95.6369 
 90.6545 
 83.9594 
 74.6421 
 63.7083 
 50.6109 
 35.8817 
 20.2848 
 5.96815 
       0 
       0 
       0 
       0 
       0 
       0 
       0 
       0 
       0 
       0 
       0 
0.237373 
 14.3166 
 23.1889 
 24.9325 
 20.7266 
 11.9493 
       0 
       0 
       0 
       0 
       0 
       0 
       0 
       0 
       0 
       0 
       0 
       0 
       0 
       0 
       0 
       0 
       0 
       0 
       0 
       0 
       0 
       0 
       0 
       0 
       0 
       0 
       0 
       0 
       0 
       0 
       0 
       0 
       0 
       0 
       0 
       0 
       0 
       0 
       0 
       0 
       0 
       0 
       0 
       0 
       0 
       0 
       0 
       0 
       0 
       0 
       0 
       0 
       0 
       0 
       0 
       0 
       0 
       0 
       0 
       0 
       0 
       0 
       0 
       0 
       0 
       0 
       0 
       0 
       0 
       0 
       0 
       0 
       0 
       0 
       0 
       0 
       0 
       0 
       0 
       0 
       0 
       0 
       0 
       0 
       0 
       0 
       0 
       0 
       0 
       0 
       0 
       0 
       0 
       0 
       0 
       0 
       0 
       0 
       0 
       0 
       0 
       0 
       0 
       0 
       0 
       0 
       0 
       0 
       0 
       0 
       0 
       0 
       0 
       0 
       0 
       0 
       0 
       0 
       0 
       0 
       0 
       0 
       0 
       0 
       0 
       0 
       0 
       0 
       0 
       0 
       0 
       0 
       0 
       0 
       0 
       0 
       0 
       0 
       0 
       0 
       0 
       0 
       0 
       0 
       0 
       0 
       0 
       0 
       0 
       0 
       0 
       0 
       0 
       0 
       0 
       0 
       0 
       0 
       0 
       0 
       0 
       0 
       0 
       0 
       0 
       0 
       0 
       0 
       0 
       0 
       0 
       0 
       0 
       0 
       0 
       0 
       0 
       0 
       0 
       0 
       0 
       0 
       0 
       0 
       0 
       0 
 12.1978 
  22.418 
 30.3493 
 35.7257 
 39.6127 
 40.7849 
 39.8283 
 37.5324 
  33.937 
 29.5672 
 24.6131 
 18.2606 
 12.2978 
 8.97393 
 7.65581 
       0 
       0 
       0 
       0 
       0 
       0 
       0 
       0 
       0 
       0 
       0 
       0 
       0 
       0 
       0 
       0 
       0 
       0 
       0 
       0 
       0 
       0 
       0 
       0 
       0 
       0 
       0 
       0 
       0 
       0 
       0 
       0 
       0 
       0 
       0 
       0 
       0 
       0 
       0 
       0 
       0 
       0 
       0 
       0 
       0 
       0 
       0 
       0 
       0 
       0 
       0 
       0 
       0 
       0 
       0 
       0 
       0 
       0 
       0 
       0 
       0 
       0 
       0 
       0 
       0 
       0 
       0 
       0 
       0 
       0 
       0 
       0 
       0 
       0 
       0 
       0 
       0 
       0 
       0 
       0 
       0 
       0 
       0 
       0 
       0 
       0 
       0 
       0 
       0 
       0 
       0 
       0 
       0 
       0 
       0 
       0 
       0 
       0 
       0 
       0 
       0 
       0 
       0 
       0 
       0 
       0 
       0 
       0 
       0 
       0 
       0 
       0 
       0 
       0 
       0 
       0 
       0 
       0 
       0 
       0 
 37.5439 
 43.1148 
  49.181 
 56.6702 
 64.8873 
 75.2968 
 88.8595 
 107.726 
 129.507 
 151.599 
  175.11 
 199.652 
 222.542 
 242.512 
 258.856 
 271.219 
 279.842 
 282.553 
  277.67 
 265.557 
 244.761 
 214.454 
 175.466 
 128.152 
 73.7623 
 13.1752 
 2.15354 
       0 
       0 
       0 
       0 
       0 
       0 
       0 
       0 
       0 
       0 
       0 
       0 
       0 
       0 
       0 
       0 
       0 
       0 
       0 
       0 
       0 
       0 
       0 
       0 
       0 
       0 
       0 
       0 
       0 
       0 
       0 
       0 
       0 
 75.9435 
 64.6338 
 44.1733 
 13.3518 
       0 
       0 
       0 
       0 
       0 
       0 
       0 
       0 
       0 
       0 
       0 
       0 
       0 
       0 
       0 
       0 
       0 
       0 
       0 
       0 
       0 
       0 
       0 
       0 
       0 
       0 
       0 
       0 
       0 
       0 
       0 
       0 
       0 
       0 
       0 
       0 
       0 
       0 
       0 
       0 
       0 
 14.6292 
 37.1507 
 54.6668 
 69.4561 
 80.7555 
 87.8208 
 91.4183 
 93.1051 
 92.8365 
 90.4298 
 87.9915 
 85.7916 
 82.1957 
 77.6506 
 72.2083 
 153.219 
 148.014 
 128.982 
 96.0253 
 50.9615 
 13.2188 
 4.97002 
       0 
       0 
       0 
       0 
       0 
       0 
       0 
       0 
       0 
       0 
       0 
       0 
       0 
       0 
       0 
       0 
       0 
       0 
       0 
       0 
       0 
       0 
       0 
       0 
       0 
       0 
       0 
       0 
       0 
       0 
       0 
       0 
       0 
       0 
       0 
       0 
       0 
       0 
       0 
       0 
       0 
       0 
       0 
       0 
       0 
       0 
       0 
       0 
       0 
       0 
       0 
       0 
       0 
 150.448 
  171.78 
 193.719 
 213.275 
  229.26 
  239.91 
 243.858 
 243.471 
 237.843 
 226.589 
 208.853 
 182.659 
 149.333 
 109.238 
 61.2035 
 13.8309 
 5.06881 
       0 
       0 
       0 
       0 
       0 
       0 
       0 
       0 
       0 
       0 
       0 
       0 
       0 
       0 
       0 
       0 
       0 
       0 
       0 
       0 
       0 
       0 
       0 
       0 
       0 
       0 
       0 
       0 
       0 
       0 
       0 
       0 
       0 
       0 
       0 
       0 
       0 
       0 
       0 
       0 
       0 
       0 
       0 
       0 
       0 
       0 
       0 
       0 
       0 
       0 
       0 
       0 
       0 
       0 
       0 
       0 
 5.86981 
 42.7642 
 74.6182 
 98.1969 
 113.225 
 120.644 
 119.734 
 110.761 
 95.0065 
 72.5489 
  44.908 
 13.5072 
       0 
       0 
       0 
       0 
       0 
       0 
       0 
       0 
       0 
       0 
       0 
       0 
       0 
       0 
       0 
       0 
       0 
       0 
       0 
       0 
       0 
       0 
       0 
       0 
       0 
       0 
       0 
       0 
       0 
       0 
       0 
       0 
       0 
       0 
       0 
       0 
       0 
       0 
       0 
       0 
       0 
       0 
       0 
       0 
       0 
       0 
       0 
       0 
       0 
       0 
       0 
       0 
       0 
       0 
       0 
       0 
       0 
       0 
       0 
       0 
       0 
       0 
       0 
       0 
       0 
       0 
       0 
       0 
       0 
       0 
       0 
       0 
       0 
       0 
       0 
       0 
       0 
 40.6592 
 102.154 
 150.792 
 187.999 
 212.975 
 227.212 
   232.5 
 230.786 
 223.424 
 211.192 
 195.319 
 177.207 
 158.493 
 138.634 
  117.02 
  96.374 
  77.923 
 63.1613 
       0 
       0 
       0 
       0 
       0 
       0 
       0 
       0 
       0 
       0 
       0 
       0 
       0 
       0 
       0 
       0 
       0 
       0 
       0 
       0 
       0 
       0 
       0 
       0 
       0 
       0 
       0 
       0 
       0 
       0 
       0 
       0 
       0 
       0 
       0 
       0 
       0 
       0 
       0 
       0 
       0 
       0 
       0 
       0 
       0 
       0 
       0 
       0 
       0 
       0 
       0 
       0 
       0 
       0 
       0 
       0 
       0 
       0 
       0 
       0 
       0 
       0 
       0 
       0 
       0 
       0 
       0 
       0 
       0 
       0 
       0 
       0 
       0 
       0 
       0 
       0 
       0 
       0 
       0 
       0 
       0 
       0 
       0 
       0 
       0 
       0 
       0 
       0 
       0 
       0 
       0 
       0 
       0 
       0 
       0 
       0 
       0 
       0 
       0 
       0 
       0 
       0 
       0 
       0 
       0 
       0 
       0 
       0 
       0 
       0 
       0 
       0 
       0 
       0 
       0 
       0 
       0 
       0 
       0 
       0 
       0 
       0 
       0 
       0 
       0 
       0 
       0 
       0 
       0 
       0 
       0 
       0 
       0 
       0 
       0 
       0 
       0 
       0 
       0 
       0 
       0 
       0 
       0 
       0 
       0 
       0 
       0 
       0 
       0 
       0 
       0 
       0 
       0 
       0 
       0 
       0 
       0 
       0 
       0 
       0 
       0 
       0 
       0 
       0 
       0 
       0 
       0 
       0 
       0 
       0 
       0 
       0 
       0 
       0 
       0 
       0 
       0 
       0 
       0 
       0 
       0 
       0 
       0 
       0 
       0 
       0 
       0 
       0 
       0 
       0 
       0 
       0 
       0 
       0 
       0 
       0 
       0 
       0 
       0 
       0 
       0 
       0 
       0 
       0 
       0 
       0 
       0 
       0 
       0 
       0 
       0 
       0 
       0 
       0 
       0 
       0 
       0 
       0 
       0 
       0 
       0 
       0 
       0 
       0 
       0 
       0 
       0 
       0 
       0 
       0 
       0 
       0 
       0 
       0 
       0 
       0 
       0 
       0 
       0 
       0 
       0 
       0 
       0 
       0 
       0 
       0 
       0 
       0 
       0 
       0 
       0 
       0 
       0 
       0 
       0 
       0 
       0 
       0 
       0 
       0 
       0 
       0 
       0 
       0 
       0 
       0 
       0 
       0 
       0 
       0 
       0 
       0 
       0 
       0 
       0 
       0 
       0 
       0 
       0 
       0 
       0 
       0 
       0 
       0 
       0 
       0 
       0 
       0 
       0 
       0 
       0 
       0 
       0 
       0 
       0 
       0 
       0 
       0 
       0 
       0 
       0 
       0 
       0 
       0 
       0 
       0 
       0 
       0 
       0 
       0 
       0 
       0 
       0 
       0 
       0 
       0 
       0 
       0 
       0 
       0 
       0 
       0 
       0 
       0 
       0 
       0 
       0 
       0 
       0 
       0 
       0 
       0 
 7.41736 
 14.0568 
 9.51945 
       0 
       0 
       0 
       0 
       0 
       0 
       0 
       0 
       0 
       0 
       0 
       0 
       0 
       0 
       0 
       0 
       0 
       0 
       0 
       0 
       0 
       0 
       0 
       0 
       0 
 74.5857 
 75.0794 
 69.3885 
 58.6634 
  42.649 
 20.8951 
       0 
       0 
       0 
       0 
       0 
       0 
       0 
       0 
       0 
       0 
       0 
       0 
       0 
       0 
       0 
       0 
       0 
       0 
       0 
       0 
       0 
       0 
 13.3341 
 60.7158 
 102.901 
 140.676 
 173.788 
 201.859 
  224.54 
  243.97 
 260.376 
 273.353 
 281.619 
  285.32 
 286.149 
 284.471 
 281.221 
 274.803 
 264.074 
 249.821 
 235.788 
 223.013 
 209.727 
 195.167 
 179.226 
 161.056 
 144.224 
 129.392 
  114.78 
 100.402 
 86.8245 
 73.7424 
 61.7388 
 51.3895 
       0 
       0 
       0 
       0 
       0 
       0 
       0 
       0 
       0 
       0 
       0 
       0 
       0 
       0 
       0 
       0 
       0 
       0 
       0 
       0 
       0 
       0 
       0 
       0 
       0 
       0 
       0 
       0 
       0 
       0 
       0 
       0 
       0 
       0 
       0 
       0 
       0 
       0 
       0 
       0 
       0 
       0 
       0 
       0 
       0 
       0 
       0 
       0 
       0 
       0 
       0 
       0 
       0 
       0 
       0 
       0 
       0 
       0 
       0 
       0 
       0 
       0 
       0 
       0 
       0 
       0 
       0 
       0 
       0 
       0 
       0 
       0 
       0 
       0 
       0 
       0 
       0 
       0 
       0 
       0 
       0 
       0 
       0 
       0 
       0 
       0 
       0 
       0 
       0 
       0 
       0 
       0 
       0 
       0 
       0 
       0 
       0 
       0 
       0 
       0 
       0 
       0 
       0 
       0 
       0 
       0 
       0 
       0 
       0 
       0 
       0 
       0 
       0 
       0 
       0 
       0 
       0 
       0 
       0 
       0 
       0 
       0 
       0 
       0 
       0 
       0 
       0 
       0 
       0 
       0 
       0 
       0 
       0 
       0 
       0 
       0 
       0 
       0 
       0 
       0 
       0 
       0 
       0 
       0 
       0 
 1.85549 
 32.4168 
 61.6965 
 104.689 
  153.54 
 193.151 
 222.259 
 244.025 
 261.588 
 274.733 
 280.942 
 281.627 
 275.981 
 265.993 
 253.431 
 238.902 
 223.016 
 206.982 
 190.478 
 173.119 
 156.214 
 140.373 
 127.243 
 116.448 
 107.772 
 102.117 
 100.291 
 100.691 
 101.691 
 102.851 
  104.79 
 107.646 
 109.686 
 108.968 
 103.402 
       0 
       0 
       0 
       0 
       0 
       0 
       0 
       0 
       0 
       0 
       0 
       0 
       0 
       0 
       0 
       0 
       0 
       0 
       0 
       0 
       0 
       0 
       0 
       0 
       0 
       0 
       0 
       0 
 35.6287 
 91.9182 
 142.176 
 186.414 
 223.786 
 252.687 
 272.316 
 283.526 
 287.207 
 284.515 
 277.488 
 265.943 
 251.542 
 235.029 
 216.181 
 197.011 
 177.984 
 160.325 
 143.998 
 128.876 
 114.334 
 99.8311 
 86.4953 
 73.1999 
 60.6414 
 48.5931 
 37.3156 
  25.235 
  13.672 
 6.61918 
  2.0897 
       0 
       0 
       0 
       0 
       0 
       0 
       0 
       0 
       0 
       0 
       0 
       0 
       0 
       0 
       0 
       0 
       0 
       0 
       0 
       0 
       0 
       0 
       0 
       0 
       0 
       0 
       0 
       0 
       0 
       0 
       0 
       0 
       0 
       0 
       0 
       0 
       0 
       0 
       0 
       0 
       0 
       0 
       0 
       0 
       0 
       0 
       0 
       0 
       0 
       0 
       0 
       0 
       0 
       0 
       0 
       0 
       0 
       0 
       0 
       0 
       0 
 44.1314 
 54.2162 
 63.5164 
 70.8043 
 74.9462 
 75.5194 
 74.1878 
 71.6899 
 67.8225 
 60.4536 
 46.1386 
 23.5922 
       0 
       0 
       0 
       0 
       0 
       0 
       0 
       0 
       0 
       0 
       0 
       0 
       0 
       0 
       0 
       0 
       0 
       0 
       0 
       0 
       0 
       0 
       0 
       0 
       0 
       0 
       0 
       0 
       0 
       0 
       0 
       0 
       0 
       0 
       0 
       0 
       0 
       0 
       0 
       0 
       0 
       0 
       0 
       0 
       0 
       0 
       0 
       0 
 57.5801 
 65.9777 
 72.0701 
 75.8667 
 76.3263 
 73.2942 
 64.9029 
 49.3419 
 27.0394 
       0 
       0 
       0 
       0 
       0 
       0 
       0 
       0 
       0 
       0 
       0 
       0 
       0 
       0 
       0 
       0 
       0 
       0 
       0 
       0 
       0 
       0 
       0 
       0 
       0 
       0 
       0 
       0 
       0 
       0 
       0 
       0 
       0 
       0 
       0 
       0 
       0 
       0 
       0 
       0 
       0 
       0 
       0 
       0 
 1.05084 
 14.0727 
  23.795 
 30.4069 
 34.4862 
 35.9544 
  35.293 
 58.0157 
 53.4209 
 43.9827 
 27.6246 
 4.53681 
       0 
       0 
       0 
       0 
       0 
       0 
       0 
       0 
       0 
       0 
       0 
       0 
       0 
       0 
       0 
       0 
       0 
       0 
       0 
       0 
       0 
       0 
       0 
       0 
       0 
       0 
       0 
       0 
       0 
       0 
       0 
       0 
       0 
       0 
       0 
       0 
       0 
       0 
       0 
       0 
       0 
       0 
       0 
       0 
       0 
       0 
       0 
       0 
       0 
       0 
       0 
       0 
       0 
       0 
       0 
       0 
       0 
       0 
       0 
       0 
       0 
       0 
       0 
       0 
       0 
       0 
       0 
       0 
       0 
       0 
       0 
       0 
       0 
       0 
       0 
       0 
       0 
       0 
       0 
       0 
       0 
       0 
       0 
       0 
       0 
       0 
       0 
       0 
       0 
       0 
       0 
       0 
       0 
       0 
       0 
       0 
       0 
       0 
       0 
       0 
       0 
       0 
       0 
       0 
 7.31202 
 17.2097 
 22.0166 
 24.1497 
 24.3731 
 22.4318 
 19.5036 
 15.3234 
 11.4562 
 8.98221 
  8.4074 
       0 
       0 
       0 
       0 
       0 
       0 
       0 
       0 
       0 
       0 
       0 
       0 
       0 
       0 
       0 
       0 
       0 
       0 
       0 
       0 
       0 
       0 
       0 
       0 
       0 
       0 
       0 
       0 
       0 
       0 
       0 
       0 
       0 
       0 
       0 
       0 
       0 
       0 
       0 
       0 
       0 
       0 
       0 
       0 
       0 
       0 
       0 
       0 
       0 
       0 
       0 
       0 
       0 
       0 
       0 
       0 
       0 
       0 
       0 
       0 
 105.634 
 117.706 
  125.54 
 127.698 
 122.881 
 111.269 
 94.0007 
 72.3747 
 46.7493 
 16.1922 
       0 
       0 
       0 
       0 
       0 
       0 
       0 
       0 
       0 
       0 
       0 
       0 
       0 
       0 
       0 
       0 
       0 
       0 
       0 
       0 
       0 
       0 
       0 
       0 
       0 
       0 
       0 
       0 
       0 
       0 
       0 
       0 
       0 
       0 
       0 
       0 
       0 
       0 
       0 
       0 
       0 
       0 
       0 
       0 
       0 
       0 
       0 
       0 
       0 
       0 
       0 
       0 
       0 
       0 
       0 
       0 
       0 
       0 
       0 
       0 
       0 
       0 
       0 
       0 
       0 
       0 
       0 
       0 
       0 
       0 
       0 
       0 
       0 
       0 
       0 
       0 
       0 
       0 
       0 
       0 
       0 
       0 
       0 
       0 
       0 
       0 
       0 
       0 
       0 
       0 
       0 
       0 
       0 
       0 
       0 
       0 
       0 
       0 
       0 
       0 
       0 
       0 
       0 
       0 
       0 
       0 
       0 
       0 
       0 
  2.6441 
 167.518 
 192.758 
  217.03 
 239.102 
 259.175 
 277.402 
  292.97 
 305.819 
  316.71 
 324.393 
 331.394 
 336.614 
 340.096 
 340.138 
 334.983 
 324.363 
 309.436 
 288.412 
 261.694 
 228.528 
 192.095 
  151.91 
 106.387 
 64.5081 
 32.0554 
 11.5253 
       0 
       0 
       0 
       0 
       0 
       0 
       0 
       0 
       0 
       0 
       0 
       0 
       0 
       0 
       0 
       0 
       0 
       0 
       0 
       0 
       0 
       0 
       0 
       0 
       0 
       0 
       0 
       0 
       0 
       0 
       0 
       0 
       0 
       0 


