1000
1000
1000
1000
1000
1000
1000
1000
1000
1000
1000
1000
1000
1000
1000
1000
1000
1000
1000
1000
1000
1000
1000
1000
1000
1000
1000
1000
1000
1000
1000
1000
1000
1000
1000
1000
1000
1000
1000
1000
1000
1000
1000
1000
1000
1000
1000
1000
1000
1000
1000
1000
1000
1000
1000
1000
1000
1000
1000
1000


1.599570e+03
1.499460e+03
1.389560e+03
1.268660e+03
1.147300e+03
1.023200e+03
1000
1000
1000
1000
1000
1000
1000
1000
1000
1000
1000
1000
1000
1000
1000
1000
1000
1000
1000
1000
1000
1000
1000
1000
1000
1000
1000
1000
1000
1000
1000
1000
1000
1000
1000
1000
1000
1000
1000
1.170660e+03
1.388160e+03
1.572510e+03
1.707780e+03
1.793180e+03
1.825750e+03
1.815890e+03
1.775030e+03
1.706930e+03
1.627340e+03
1.554020e+03
1.499830e+03
1.466640e+03
1.459690e+03
1.480130e+03


1.874330e+03
1.829950e+03
1.779720e+03
1.734830e+03
1.687210e+03
1.631900e+03
1.581040e+03
1.537200e+03
1.501900e+03
1.479440e+03
1.469400e+03
1.467270e+03
1.477970e+03
1.506870e+03
1.549780e+03
1.600520e+03
1.653070e+03
1.705900e+03
1.747650e+03
1.765180e+03
1.751600e+03
1.699160e+03
1612
1.478340e+03
1.296040e+03
1.065120e+03
1000
1000
1000
1000
1000
1000
1000
1000
1000
1000
1000
1000
1000
1000
1000
1000
1000
1000
1000
1000
1000
1000
1000
1000
1000
1000
1000
1000
1000
1000
1000
1000
1000
1000


1.725830e+03
1.692590e+03
1.667240e+03
1.649450e+03
1.641670e+03
1.642100e+03
1.650300e+03
1.665740e+03
1.687330e+03
1.720300e+03
1.760720e+03
1.792260e+03
1.813830e+03
1.816680e+03
1.794410e+03
1.749770e+03
1.677680e+03
1.571410e+03
1.428100e+03
1.239170e+03
1.015440e+03
1.003480e+03
1000
1000
1000
1000
1000
1000
1000
1000
1000
1000
1000
1000
1000
1000
1000
1000
1000
1000
1000
1000
1000
1000
1000
1000
1000
1000
1.055870e+03
1.153570e+03
1.224060e+03
1.275010e+03
1.321120e+03
1.367490e+03
1.411200e+03
1.459260e+03
1.505080e+03
1.546750e+03
1.586310e+03
1.629930e+03


1.793770e+03
1.694210e+03
1.569170e+03
1.414650e+03
1.225210e+03
1.037130e+03
1.025040e+03
1.012590e+03
1.000310e+03
1000
1000
1000
1000
1000
1000
1000
1000
1000
1000
1000
1000
1000
1000
1000
1000
1000
1000
1000
1000
1000
1000
1000
1000
1.147430e+03
1.395760e+03
1.603760e+03
1.792120e+03
1.954260e+03
2.092670e+03
2.216050e+03
2.310640e+03
2.377840e+03
2.413060e+03
2.414760e+03
2.381650e+03
2.327550e+03
2.261420e+03
2.182330e+03
2.100070e+03
2.017460e+03
1.935020e+03
1.854550e+03
1.777030e+03
1.717500e+03
1.682070e+03
1.672100e+03
1.679350e+03
1.702780e+03
1.736130e+03
1.778820e+03


2.038300e+03
2.013550e+03
1.973640e+03
1.912130e+03
1.836980e+03
1.758010e+03
1.680200e+03
1.607220e+03
1.537150e+03
1.471570e+03
1.411470e+03
1.358490e+03
1.306760e+03
1.254070e+03
1.213480e+03
1.188120e+03
1.170130e+03
1.166570e+03
1.174850e+03
1.186440e+03
1.197300e+03
1.215980e+03
1.239470e+03
1.272850e+03
1.321550e+03
1.382680e+03
1.456450e+03
1.547530e+03
1.642990e+03
1.732890e+03
1.808270e+03
1.868710e+03
1.918110e+03
1.955210e+03
1.982640e+03
1.997540e+03
1.999150e+03
1.978010e+03
1.932760e+03
1.858960e+03
1.766430e+03
1.652310e+03
1.511690e+03
1.346320e+03
1.162080e+03
1.000240e+03
1.000080e+03
1000
1000
1000
1000
1000
1000
1000
1000
1000
1000
1000
1000
1000


1.787170e+03
1.734520e+03
1.679680e+03
1624
1.580790e+03
1.548580e+03
1.515490e+03
1.490150e+03
1.468320e+03
1.447800e+03
1.424550e+03
1.408970e+03
1.393070e+03
1.380970e+03
1.375820e+03
1.382130e+03
1.399880e+03
1.428010e+03
1.454760e+03
1.481870e+03
1.500970e+03
1.513370e+03
1.519040e+03
1.515200e+03
1.501510e+03
1.476580e+03
1.455550e+03
1.440460e+03
1.436800e+03
1.445490e+03
1.467070e+03
1.494170e+03
1.537430e+03
1.589370e+03
1.649200e+03
1.719170e+03
1.797340e+03
1.883110e+03
1.969760e+03
2.049690e+03
2.116050e+03
2.161090e+03
2.192590e+03
2.210090e+03
2.204150e+03
2.189350e+03
2.164630e+03
2.132520e+03
2.101540e+03
2.068310e+03
2.030890e+03
1.987940e+03
1.948520e+03
1.904110e+03
1865
1.833090e+03
1.813200e+03
1.807630e+03
1.810640e+03
1.823970e+03


1000
1000
1000
1000
1000
1000
1000
1000
1000
1000
1000
1000
1000
1000
1000
1000
1000
1000
1000
1000
1000
1000
1.037060e+03
1.377770e+03
1.671930e+03
1.920220e+03
2.122380e+03
2.280180e+03
2.390630e+03
2.459030e+03
2481
2.470300e+03
2.431840e+03
2.380200e+03
2.322250e+03
2.252690e+03
2.184290e+03
2.111410e+03
2.046560e+03
1.995470e+03
1.959540e+03
1.928300e+03
1.902440e+03
1.875680e+03
1.847930e+03
1.822680e+03
1.797480e+03
1.763890e+03
1.727270e+03
1.685250e+03
1.641210e+03
1.605460e+03
1.576090e+03
1.560650e+03
1.555440e+03
1.563380e+03
1.582120e+03
1.605730e+03
1.640360e+03
1.683440e+03


2.409870e+03
2.378250e+03
2.302810e+03
2.192500e+03
2.043200e+03
1.850380e+03
1.617290e+03
1.356240e+03
1.069290e+03
1.000120e+03
1000
1000
1000
1000
1000
1000
1000
1000
1000
1000
1000
1000
1000
1000
1000
1000
1000
1000
1000
1000
1000
1000
1000
1000
1000
1000
1000
1000
1000
1000
1000
1000
1000
1000
1000
1000
1000
1000
1000
1000
1000
1000
1000
1000
1000
1000
1000
1000
1000
1000


1.323790e+03
1.241870e+03
1.179950e+03
1.133850e+03
1.104900e+03
1.089730e+03
1.085030e+03
1.094350e+03
1.124510e+03
1.164330e+03
1.211230e+03
1.263330e+03
1.311580e+03
1.355960e+03
1389
1.409660e+03
1.409740e+03
1.386220e+03
1.332390e+03
1.251110e+03
1.126840e+03
1000
1000
1000
1000
1000
1000
1000
1000
1000
1000
1000
1000
1000
1000
1000
1000
1000
1000
1000
1000
1000
1000
1000
1000
1000
1000
1000
1000
1000
1000
1000
1000
1000
1000
1000
1000
1000
1000
1000


1.981160e+03
1.958790e+03
1.923190e+03
1.879440e+03
1.838350e+03
1.811300e+03
1.789620e+03
1.780170e+03
1.782550e+03
1.784380e+03
1.784490e+03
1.776540e+03
1.755630e+03
1.716560e+03
1.666060e+03
1.602820e+03
1.534510e+03
1.461050e+03
1.373550e+03
1.278100e+03
1.180730e+03
1.070980e+03
1.000130e+03
1000
1000
1000
1000
1000
1000
1000
1000
1000
1000
1000
1000
1000
1000
1000
1000
1.000020e+03
1.109140e+03
1.215640e+03
1.330300e+03
1.440990e+03
1.543810e+03
1.635460e+03
1.711580e+03
1.786160e+03
1.854210e+03
1.917300e+03
1.969220e+03
2.012100e+03
2.054990e+03
2.092480e+03
2.122640e+03
2.142980e+03
2.153160e+03
2.157820e+03
2.157360e+03
2.150790e+03


2.390820e+03
2.433890e+03
2.477270e+03
2.522620e+03
2.560980e+03
2.586530e+03
2.596900e+03
2.600280e+03
2.590740e+03
2.576930e+03
2.558380e+03
2.537780e+03
2.512980e+03
2.482250e+03
2.444910e+03
2.393160e+03
2.314530e+03
2.204350e+03
2.063210e+03
1.888890e+03
1.670270e+03
1.396040e+03
1.062480e+03
1000
1000
1000
1000
1000
1000
1000
1000
1000
1000
1000
1000
1000
1000
1000
1000
1000
1000
1000
1000
1000
1000
1000
1000
1000
1000
1000
1000
1000
1000
1000
1000
1000
1000
1000
1000
1000


1000
1000
1000
1000
1000
1000
1000
1000
1000
1000
1000
1000
1000
1000
1000
1000
1000
1000
1000
1000
1000
1000
1000
1000
1000
1000
1000
1000
1000
1000
1000
1000
1000
1000
1000
1000
1000
1000
1000
1000
1000
1000
1000
1000
1000
1000
1000
1000
1000
1000
1000
1000
1000
1000
1000
1000
1000
1000
1000
1000


1.800830e+03
1.751530e+03
1.689820e+03
1.613650e+03
1.515860e+03
1.399260e+03
1.259840e+03
1.103100e+03
1000
1000
1000
1000
1000
1000
1000
1000
1000
1000
1000
1000
1000
1000
1000
1000
1000
1000
1000
1000
1000
1000
1000
1000
1000
1000
1000
1000
1000
1000
1000
1000
1000
1000
1000
1000
1000
1000
1000
1000
1.192770e+03
1.429570e+03
1.614240e+03
1.746460e+03
1.824380e+03
1.859170e+03
1.866970e+03
1.866440e+03
1.858370e+03
1.849030e+03
1.839120e+03
1.833130e+03


1.697630e+03
1.654620e+03
1.616930e+03
1.595850e+03
1.582790e+03
1.577560e+03
1.573450e+03
1.581830e+03
1.606950e+03
1.657550e+03
1.723430e+03
1.805310e+03
1.897120e+03
1.999960e+03
2.105670e+03
2.215910e+03
2.322820e+03
2.411810e+03
2.482750e+03
2.543880e+03
2.596230e+03
2.635690e+03
2.650690e+03
2.639870e+03
2.603020e+03
2.534290e+03
2.430310e+03
2.291520e+03
2.125710e+03
1.956090e+03
1.792410e+03
1.642380e+03
1.514170e+03
1.405060e+03
1.307910e+03
1.234990e+03
1.198250e+03
1.195060e+03
1.222940e+03
1.275240e+03
1.355470e+03
1.450780e+03
1.555870e+03
1.661160e+03
1.764840e+03
1.864490e+03
1.955990e+03
2.051010e+03
2.150440e+03
2.244990e+03
2.330620e+03
2.405590e+03
2.469200e+03
2.516360e+03
2.553320e+03
2.584390e+03
2.596530e+03
2.578860e+03
2.534020e+03
2.474530e+03


1.777170e+03
1.718940e+03
1.650650e+03
1.581280e+03
1.512850e+03
1.458290e+03
1.415520e+03
1.377800e+03
1.345770e+03
1.308450e+03
1.266830e+03
1.232600e+03
1.201770e+03
1.171160e+03
1.148200e+03
1.137780e+03
1.139650e+03
1.149070e+03
1.161910e+03
1.168970e+03
1.177430e+03
1.208320e+03
1.290260e+03
1.372400e+03
1.459950e+03
1.548300e+03
1.636740e+03
1.722810e+03
1.801860e+03
1.870630e+03
1.919070e+03
1.946480e+03
1.949750e+03
1.927770e+03
1.877330e+03
1.862250e+03
1.845230e+03
1.806860e+03
1.750840e+03
1.674180e+03
1.571040e+03
1.448820e+03
1.293400e+03
1.111420e+03
1000
1000
1000
1000
1000
1000
1000
1000
1000
1000
1000
1000
1000
1000
1000
1000


2.187180e+03
2.160920e+03
2.108940e+03
2.026370e+03
1.913330e+03
1.769950e+03
1.595080e+03
1.385180e+03
1.141620e+03
1000
1000
1000
1000
1000
1000
1000
1000
1000
1000
1000
1000
1000
1000
1000
1000
1000
1000
1000
1000
1000
1000
1000
1.077490e+03
1.425760e+03
1.734140e+03
1.997400e+03
2.221680e+03
2.407640e+03
2.564940e+03
2.694010e+03
2.795390e+03
2.870250e+03
2.922130e+03
2.955850e+03
2.973120e+03
2.979490e+03
2.969950e+03
2.943750e+03
2.898610e+03
2.833140e+03
2.752490e+03
2.656120e+03
2.549810e+03
2.442840e+03
2.340100e+03
2.243900e+03
2.156070e+03
2.084990e+03
2.038830e+03
2.005490e+03


1.439920e+03
1.361570e+03
1.295180e+03
1.248680e+03
1.212210e+03
1.194090e+03
1.190510e+03
1.192180e+03
1.194670e+03
1.187960e+03
1.170400e+03
1.142820e+03
1.094100e+03
1.028140e+03
1.000340e+03
1000
1000
1000
1000
1000
1000
1000
1000
1000
1000
1000
1000
1000
1000
1000
1000
1000
1000
1000
1000
1000
1000
1000
1000
1000
1000
1000
1000
1000
1000
1000
1000
1000
1000
1000
1000
1000
1000
1.159800e+03
1.366820e+03
1.545720e+03
1.696040e+03
1.825270e+03
1.920620e+03
1.986390e+03


1.499480e+03
1.459480e+03
1.440860e+03
1.439670e+03
1.459290e+03
1.503360e+03
1.569440e+03
1.658380e+03
1.766260e+03
1.884610e+03
2.009120e+03
2.131280e+03
2.246710e+03
2.350510e+03
2.436260e+03
2.494470e+03
2.523660e+03
2.534440e+03
2.529320e+03
2.508530e+03
2.467920e+03
2.416390e+03
2.361630e+03
2.312470e+03
2.272050e+03
2.235830e+03
2.204920e+03
2.183430e+03
2.176840e+03
2.183630e+03
2.197890e+03
2.217770e+03
2.240580e+03
2.265550e+03
2.295530e+03
2.332640e+03
2.377500e+03
2.431540e+03
2.487710e+03
2.534980e+03
2.570580e+03
2.597460e+03
2.618720e+03
2.641410e+03
2.649570e+03
2.651810e+03
2.648840e+03
2.628980e+03
2.590380e+03
2.534640e+03
2.466320e+03
2.388230e+03
2.309280e+03
2.236830e+03
2.170950e+03
2114
2.063860e+03
2.017320e+03
1.978270e+03
1.953410e+03


1000
1000
1000
1000
1000
1000
1000
1000
1000
1000
1000
1000
1000
1000
1000
1000
1000
1000
1000
1000
1000
1000
1000
1000
1000
1000
1000
1000
1.107780e+03
1.305380e+03
1.481350e+03
1.634300e+03
1.762850e+03
1.879870e+03
1.986270e+03
2.093070e+03
2.199660e+03
2.301930e+03
2.397520e+03
2.479100e+03
2.547780e+03
2.603800e+03
2.633630e+03
2.628520e+03
2.595030e+03
2.542130e+03
2.463840e+03
2.364370e+03
2.246600e+03
2.117040e+03
1.981030e+03
1.850600e+03
1.740500e+03
1.644070e+03
1.567900e+03
1.511800e+03
1.469810e+03
1.451550e+03
1.459150e+03
1.492920e+03


1000
1000
1000
1000
1000
1000
1000
1000
1000
1000
1000
1000
1000
1000
1000
1000
1000
1000
1000
1000
1000
1000
1000
1000
1000
1000
1000
1000
1.179540e+03
1.454770e+03
1.673410e+03
1.832970e+03
1.939510e+03
1.998180e+03
2.004220e+03
1.950550e+03
1.848700e+03
1.713490e+03
1.546590e+03
1354
1.135730e+03
1000
1000
1000
1000
1000
1000
1000
1000
1000
1000
1000
1000
1000
1000
1000
1000
1000
1000
1000


1.759740e+03
1.662170e+03
1.538580e+03
1.386500e+03
1.203270e+03
1000
1000
1000
1000
1000
1000
1000
1000
1000
1000
1000
1000
1000
1000
1000
1000
1000
1000
1000
1000
1000
1000
1000
1000
1000
1000
1000
1000
1000
1000
1000
1000
1000
1000
1000
1000
1000
1000
1000
1000
1000
1000
1000
1000
1000
1000
1000
1000
1000
1000
1000
1000
1.174370e+03
1.348880e+03
1.492930e+03


1000
1000
1000
1000
1000
1000
1000
1000
1000
1000
1000
1000
1000
1000
1000
1000
1000
1000
1000
1000
1000
1000
1000
1000
1000
1000
1000
1000
1000
1.106910e+03
1.351090e+03
1.550320e+03
1.709060e+03
1.836020e+03
1.941730e+03
2.022890e+03
2082
2.126250e+03
2.170450e+03
2.215970e+03
2.267150e+03
2.325440e+03
2.390350e+03
2.466150e+03
2.542540e+03
2.615120e+03
2.680830e+03
2.734150e+03
2.773890e+03
2.799080e+03
2.814140e+03
2.813540e+03
2.796430e+03
2.761830e+03
2.714560e+03
2.657120e+03
2.599110e+03
2.544790e+03
2.484660e+03
2.416240e+03


1000
1000
1000
1000
1000
1000
1000
1000
1000
1000
1000
1000
1000
1000
1000
1000
1000
1000
1000
1000
1000
1000
1000
1000
1000
1000
1.255960e+03
1.488310e+03
1.654870e+03
1.754470e+03
1.787150e+03
1.754520e+03
1.660600e+03
1.511750e+03
1.310580e+03
1.060840e+03
1000
1000
1000
1000
1000
1000
1000
1000
1000
1000
1000
1000
1000
1000
1000
1000
1000
1000
1000
1000
1000
1000
1000
1000


1000
1000
1000
1000
1000
1000
1000
1000
1000
1000
1000
1000
1000
1000
1000
1000
1000
1.034590e+03
1.207370e+03
1.353080e+03
1.479850e+03
1.581240e+03
1.666150e+03
1.738160e+03
1.796300e+03
1.847670e+03
1.897330e+03
1.952710e+03
2.013810e+03
2.080800e+03
2.156250e+03
2.240060e+03
2.331810e+03
2.416910e+03
2.488790e+03
2.548420e+03
2.590890e+03
2.620380e+03
2.641410e+03
2.649760e+03
2.651100e+03
2.648060e+03
2.643170e+03
2.635310e+03
2.626520e+03
2.617280e+03
2.621180e+03
2.632430e+03
2.647960e+03
2.670280e+03
2.699630e+03
2.729940e+03
2.749070e+03
2.756060e+03
2.746980e+03
2.719500e+03
2.664290e+03
2.590070e+03
2.512900e+03
2.439480e+03


1.577050e+03
1.442840e+03
1.280760e+03
1.091300e+03
1.000320e+03
1.000190e+03
1.000060e+03
1000
1000
1000
1000
1000
1000
1000
1000
1000
1000
1000
1000
1000
1000
1000
1000
1000
1000
1000
1000
1000
1000
1000
1000
1000
1000
1000
1000
1000
1.010190e+03
1.200690e+03
1.372740e+03
1.524660e+03
1.666050e+03
1.789680e+03
1.887390e+03
1.965430e+03
2.020670e+03
2.059480e+03
2.072770e+03
2.056030e+03
2.023850e+03
1.970790e+03
1.902950e+03
1.833910e+03
1.766280e+03
1.692720e+03
1.616250e+03
1.553560e+03
1.513530e+03
1.498160e+03
1.504910e+03
1.532790e+03


1.980400e+03
2.018360e+03
2.076410e+03
2.153370e+03
2.236550e+03
2.312900e+03
2.376380e+03
2.421510e+03
2.451390e+03
2.464110e+03
2.455520e+03
2.422320e+03
2.370570e+03
2.298850e+03
2.220950e+03
2.143670e+03
2.068400e+03
1.995890e+03
1.931390e+03
1.868750e+03
1.821300e+03
1.775480e+03
1.734710e+03
1.701280e+03
1.671630e+03
1.643910e+03
1.621250e+03
1.606410e+03
1.607950e+03
1.617840e+03
1.625780e+03
1.627570e+03
1.631650e+03
1.631770e+03
1.629650e+03
1.619890e+03
1.606330e+03
1.595950e+03
1.588110e+03
1.593390e+03
1.617310e+03
1.659930e+03
1.716920e+03
1.787560e+03
1.865640e+03
1.948190e+03
2.034310e+03
2.114480e+03
2.186070e+03
2.242250e+03
2.284690e+03
2.315500e+03
2.333700e+03
2.340770e+03
2.339490e+03
2.321730e+03
2.289250e+03
2.252730e+03
2.212770e+03
2.176450e+03


1.328530e+03
1.156190e+03
1000
1000
1000
1000
1000
1000
1000
1000
1000
1000
1000
1000
1000
1000
1000
1000
1000
1000
1000
1000
1000
1000
1000
1000
1000
1000
1000
1000
1000
1000
1000
1000
1000
1000
1000
1000
1000
1.010510e+03
1.111570e+03
1.421550e+03
1.701260e+03
1.946160e+03
2.141260e+03
2.285310e+03
2.378870e+03
2.425210e+03
2.425100e+03
2.387460e+03
2.318780e+03
2.225580e+03
2.111940e+03
1.994890e+03
1.880330e+03
1.783820e+03
1.711500e+03
1.661040e+03
1.630670e+03
1.628430e+03


1.657690e+03
1.617150e+03
1.585210e+03
1.559060e+03
1.549970e+03
1.549210e+03
1.554450e+03
1.565650e+03
1.578760e+03
1.584610e+03
1.582560e+03
1.574020e+03
1.574650e+03
1.582770e+03
1.598080e+03
1.613300e+03
1.629230e+03
1.645270e+03
1.659530e+03
1.673180e+03
1.687650e+03
1.705930e+03
1.723330e+03
1.748370e+03
1.778140e+03
1.805920e+03
1.826800e+03
1.849500e+03
1.870200e+03
1.897740e+03
1.924890e+03
1.961400e+03
2.005480e+03
2.058570e+03
2.113480e+03
2.162430e+03
2.201810e+03
2.228950e+03
2.241430e+03
2.243440e+03
2.236360e+03
2.223470e+03
2.202090e+03
2.161590e+03
2.105880e+03
2.024690e+03
1.921170e+03
1.801720e+03
1.671650e+03
1.529920e+03
1.391450e+03
1.274600e+03
1.177190e+03
1.107360e+03
1.055900e+03
1.020230e+03
1.010030e+03
1.027730e+03
1.083470e+03
1.168920e+03


1.810490e+03
1.798380e+03
1.793780e+03
1.800610e+03
1.817890e+03
1.836590e+03
1.859210e+03
1.886360e+03
1.918790e+03
1.955340e+03
1.994430e+03
2.026930e+03
2.050090e+03
2.062340e+03
2.073550e+03
2.083120e+03
2.080730e+03
2.070600e+03
2.055060e+03
2.036510e+03
2.006750e+03
1.956080e+03
1.886870e+03
1.793480e+03
1.675300e+03
1.531210e+03
1.373880e+03
1.205090e+03
1.022340e+03
1000
1000
1000
1000
1000
1000
1000
1000
1000
1000
1000
1000
1000
1000
1000
1000
1000
1000
1000
1000
1000
1000
1000
1000
1000
1000
1000
1000
1000
1000
1000


1.387940e+03
1.237650e+03
1.075860e+03
1000
1000
1000
1000
1000
1000
1000
1000
1000
1000
1000
1000
1000
1000
1000
1000
1000
1000
1000
1000
1000
1000
1000
1000
1000
1000
1000
1000
1000
1000
1000
1.097960e+03
1.300520e+03
1.478140e+03
1636
1.784500e+03
1.925170e+03
2.059680e+03
2.190550e+03
2.314310e+03
2.431160e+03
2.542220e+03
2.653770e+03
2.760470e+03
2.852700e+03
2.924740e+03
2.975680e+03
3.007170e+03
3.025640e+03
3.027470e+03
3.011730e+03
2.980570e+03
2942
2.893360e+03
2.833600e+03
2.763340e+03
2.675750e+03


1.643410e+03
1.475320e+03
1.261710e+03
1.000310e+03
1000
1000
1000
1000
1000
1000
1000
1000
1000
1000
1000
1000
1000
1000
1000
1000
1000
1000
1000
1000
1000
1000
1000
1000
1000
1000
1000
1000
1000
1000
1000
1000
1000
1000
1000
1000
1000
1000
1000
1000
1000
1000
1000
1000
1000
1000
1000
1000
1000
1.065050e+03
1.225970e+03
1.378340e+03
1.512870e+03
1.631680e+03
1.725520e+03
1.803900e+03


1000
1000
1000
1000
1000
1000
1000
1000
1000
1000
1000
1000
1000
1000
1000
1000
1000
1000
1000
1000
1000
1.002480e+03
1.155820e+03
1.350080e+03
1.531700e+03
1.694800e+03
1.834980e+03
1.954220e+03
2.056210e+03
2.142140e+03
2.214510e+03
2.277350e+03
2.330190e+03
2.377310e+03
2.421280e+03
2.456850e+03
2.482440e+03
2.503910e+03
2.530700e+03
2.572140e+03
2.616180e+03
2.661950e+03
2.697930e+03
2.724420e+03
2.735540e+03
2.733640e+03
2.720060e+03
2.682130e+03
2.613740e+03
2.525740e+03
2.423130e+03
2.313160e+03
2.191610e+03
2.067690e+03
1.954810e+03
1.858620e+03
1.783660e+03
1.735970e+03
1.716460e+03
1.716160e+03


2.439480e+03
2.508890e+03
2.576890e+03
2.636330e+03
2.680090e+03
2.709320e+03
2.719670e+03
2.712670e+03
2.689470e+03
2.651600e+03
2.608250e+03
2.557700e+03
2.509430e+03
2.470170e+03
2.445580e+03
2.431380e+03
2.434510e+03
2.446680e+03
2.468210e+03
2.498260e+03
2.535270e+03
2.577980e+03
2.614610e+03
2.651050e+03
2.689440e+03
2.731100e+03
2.773410e+03
2.812080e+03
2.847240e+03
2.879600e+03
2.907600e+03
2.927280e+03
2.935710e+03
2.928040e+03
2.906320e+03
2.870470e+03
2.826970e+03
2.774450e+03
2.709740e+03
2.640420e+03
2.566760e+03
2.492330e+03
2.409470e+03
2.312890e+03
2.211970e+03
2.118240e+03
2.042120e+03
1.975370e+03
1.916620e+03
1.866590e+03
1.821450e+03
1.772740e+03
1.729590e+03
1.693860e+03
1.671160e+03
1.664440e+03
1.666290e+03
1.677100e+03
1.692080e+03
1.720430e+03


1000
1000
1000
1000
1000
1000
1000
1000
1000
1000
1000
1000
1000
1000
1000
1000
1000
1000
1000
1000
1000
1000
1000
1000
1000
1000
1000
1000
1000
1000
1000
1000
1000
1000
1000
1000
1000
1.008330e+03
1.028470e+03
1.230280e+03
1.516170e+03
1.767400e+03
1985
2.182830e+03
2.351210e+03
2.490740e+03
2.600940e+03
2.688390e+03
2.768080e+03
2.833170e+03
2.891650e+03
2.937350e+03
2.968450e+03
2.984840e+03
2.985970e+03
2.963960e+03
2.917310e+03
2.849960e+03
2.763800e+03
2.666320e+03


1000
1000
1000
1000
1000
1000
1000
1000
1000
1000
1000
1000
1000
1000
1000
1000
1000
1000
1000
1000
1000
1000
1000
1000
1000
1000
1000
1000
1000
1000
1000
1000
1000
1000
1000
1000
1000
1000
1000
1000
1000
1000
1000
1000
1000
1000
1000
1000
1000
1000
1000
1000
1000
1000
1000
1000
1000
1000
1000
1000


1.288310e+03
1.117460e+03
1000
1000
1000
1000
1000
1000
1000
1000
1000
1000
1000
1000
1000
1000
1000
1000
1000
1000
1000
1000
1000
1000
1000
1000
1000
1000
1000
1000
1000
1000
1000
1000
1000
1000
1000
1000
1000
1000
1000
1000
1000
1000
1000
1000
1000
1000
1000
1000
1000
1000
1000
1000
1000
1000
1000
1000
1000
1000


2.520020e+03
2.569290e+03
2.597060e+03
2.595840e+03
2.563270e+03
2.504620e+03
2.418450e+03
2.309610e+03
2.173610e+03
2.010600e+03
1.816150e+03
1.593630e+03
1.336030e+03
1.031810e+03
1.000010e+03
1000
1000
1000
1000
1000
1000
1000
1000
1000
1000
1000
1000
1000
1000
1000
1000
1000
1000
1000
1000
1000
1000
1000
1000
1000
1000
1000
1000
1000
1000
1000
1000
1000
1000
1000
1000
1.048240e+03
1.215820e+03
1.355420e+03
1.476910e+03
1.571320e+03
1.643350e+03
1.695810e+03
1.741750e+03
1.786210e+03


1000
1000
1000
1000
1000
1000
1000
1000
1000
1000
1000
1000
1000
1000
1000
1000
1000
1000
1000
1000
1000
1000
1000
1000
1000
1000
1000
1000
1000
1000
1000
1000
1000
1000
1000
1000
1000
1000
1000
1000
1000
1000
1000
1000
1000
1000
1000
1000
1000
1000
1000
1000
1000
1000
1.000730e+03
1.168490e+03
1.312610e+03
1.434620e+03
1.535880e+03
1.619940e+03


1000
1000
1000
1000
1000
1000
1000
1000
1000
1000
1000
1000
1000
1000
1000
1000
1000
1000
1000
1000
1000
1000
1000
1000
1000
1000
1000
1000
1000
1000
1000
1000
1000
1000
1000
1000
1000
1000
1.055670e+03
1.125130e+03
1.141150e+03
1.101490e+03
1.006750e+03
1000
1000
1000
1000
1000
1000
1000
1000
1000
1000
1000
1000
1000
1000
1000
1000
1000


0
0
0
0
0
0
0
0
0
0
0
0
0
0
0
0
0
0
0
0
0
0
0
0
0
0
0
0
0
0
0
0
0
0
0
0
0
0
0
0
0
0
0
0
0
0
0
0
0
0
0
0
0
0
0
0
0
0
0
0


0
0
0
0
0
0
0
0
0
0
0
0
0
0
0
0
0
0
0
0
0
0
0
0
0
0
0
0
0
0
0
0
0
0
0
0
0
0
0
0
0
0
0
0
0
0
0
0
0
0
0
0
0
0
0
0
0
0
0
0


0
0
0
0
0
0
0
0
0
0
0
0
0
0
0
0
0
0
0
0
0
0
0
0
0
0
0
0
0
0
0
0
0
0
0
0
0
0
0
0
0
0
0
0
0
0
0
0
0
0
0
0
0
0
0
0
0
0
0
0


2.456710e+02
2.417020e+02
2.246870e+02
1.914950e+02
1.388240e+02
8.723530e+01
4.261580e+01
0
0
0
0
0
0
0
0
0
0
0
0
0
0
0
0
0
0
0
0
0
0
0
0
0
0
0
0
0
0
0
0
0
0
0
0
0
0
0
0
0
0
0
0
0
0
0
0
0
0
0
0
0


0
0
0
0
0
0
0
0
0
0
0
0
0
0
0
0
0
0
0
0
0
0
0
0
0
0
0
0
0
0
0
0
0
0
0
0
0
0
0
0
0
0
0
0
0
0
0
0
0
0
0
0
0
0
0
0
0
0
0
0


0
0
0
0
0
0
0
0
0
0
0
0
0
0
0
0
0
0
0
0
0
0
0
0
0
0
0
0
0
0
0
0
0
0
0
0
0
0
0
0
0
0
0
0
0
0
0
0
0
0
0
0
0
0
0
0
0
0
0
0


0
0
0
0
0
0
0
0
0
0
0
0
0
0
0
0
0
0
0
0
0
0
0
0
0
0
0
0
0
0
0
0
0
0
0
0
0
0
0
0
0
0
0
0
0
0
0
0
0
0
0
0
0
0
0
0
0
0
0
0


0
0
0
0
0
0
0
0
0
0
0
0
0
0
0
0
0
0
0
0
0
0
0
0
0
0
0
0
0
0
0
0
0
0
0
0
0
0
0
0
0
0
0
0
0
0
0
0
0
0
0
0
0
0
0
0
0
0
0
0


0
0
0
0
0
0
0
0
0
0
0
0
0
0
0
0
0
0
0
0
0
0
0
0
0
0
0
0
0
0
0
0
0
0
0
0
0
0
0
0
0
0
0
0
0
0
0
0
0
0
0
0
0
0
0
0
0
0
0
0


0
0
0
0
0
0
0
0
0
0
0
0
0
0
0
0
0
0
0
0
0
0
0
0
0
0
0
0
0
0
0
0
0
0
0
0
0
0
0
0
0
0
0
0
0
0
0
0
0
0
0
0
0
0
0
0
0
0
0
0


0
0
0
0
0
0
0
0
0
0
0
0
0
0
0
0
0
0
0
0
0
0
0
0
0
0
0
0
0
0
0
0
0
0
0
0
0
0
0
0
0
0
0
0
0
0
0
0
0
0
0
0
0
0
0
0
0
0
0
0


3.147600e+02
3.365150e+02
3.474130e+02
3.464410e+02
3.347930e+02
3.141370e+02
2.859240e+02
2.487910e+02
2.037180e+02
1.527590e+02
9.639600e+01
3.460360e+01
0
0
0
0
0
0
0
0
0
0
0
0
0
0
0
0
0
0
0
0
0
0
0
0
0
0
0
0
0
0
0
0
0
0
0
0
0
0
0
0
0
0
0
0
0
0
0
0


0
0
0
0
0
0
0
0
0
0
0
0
0
0
0
0
0
0
0
0
0
0
0
0
0
0
0
0
0
0
0
0
0
0
0
0
0
0
0
0
0
0
0
0
0
0
0
0
0
0
0
0
0
0
0
0
0
0
0
0


0
0
0
0
0
0
0
0
0
0
0
0
0
0
0
0
0
0
0
0
0
0
0
0
0
0
0
0
0
0
0
0
0
0
0
0
0
0
0
0
0
0
0
0
0
0
0
0
0
0
0
0
0
0
0
0
0
0
0
0


0
0
0
0
0
0
0
0
0
0
0
0
0
0
0
0
0
0
0
0
0
0
0
0
0
0
0
0
0
0
0
0
0
0
0
0
0
0
0
0
0
0
0
0
0
0
0
0
0
0
0
0
0
0
0
0
0
0
0
0


0
0
0
0
0
0
0
0
0
0
0
0
0
0
0
0
0
0
0
0
0
0
0
0
0
0
0
0
0
0
0
0
0
0
0
0
0
0
0
0
0
0
0
0
0
0
0
0
0
0
0
1.836830e+01
3.749770e+01
5.168980e+01
6.073240e+01
6.572010e+01
6.880480e+01
7.180280e+01
7.325120e+01
7.560280e+01


0
0
0
0
0
0
0
0
0
0
0
0
0
0
0
0
0
0
0
0
0
0
0
0
0
0
0
0
0
0
0
0
0
0
0
0
0
0
0
0
0
0
0
0
0
0
0
0
0
0
0
0
0
0
0
0
0
0
0
0


0
0
0
0
0
0
0
0
0
0
0
0
0
0
0
0
0
0
0
0
0
0
0
0
0
0
0
0
0
0
0
0
0
0
0
0
0
0
0
0
0
0
0
0
0
0
0
0
0
0
0
0
0
0
0
0
0
0
0
0


0
0
0
0
0
0
0
0
0
0
0
0
0
0
0
0
0
0
0
0
0
0
0
0
0
0
0
0
0
0
0
0
0
0
0
0
0
0
0
0
0
0
0
0
0
0
0
0
0
0
0
0
0
0
0
0
0
0
0
0


10
10
10
10
10
10
10
10
10
10
10
10
10
10
10
10
10
10
10
10
10
10
10
10
10
10
10
10
10
10
10
10
10
10
10
10
10
10
10
10
10
10
10
10
10
10
10
10
10
10
10
10
10
10
10
10
10
10
10
10


0
0
0
0
0
0
0
0
0
0
0
0
0
0
0
0
0
0
0
0
0
0
0
0
0
0
0
0
0
0
0
0
0
0
0
0
0
0
0
0
0
0
0
0
0
0
0
0
0
0
0
0
0
0
0
0
0
0
0
0


10
10
10
10
10
10
10
10
10
10
10
10
10
10
10
10
10
10
10
10
10
10
10
10
10
10
10
10
10
10
10
10
10
10
10
10
10
10
10
10
10
10
10
10
10
10
10
10
10
10
10
10
10
10
10
10
10
10
10
10


0
0
0
0
0
0
0
0
0
0
0
0
0
0
0
0
0
0
0
0
0
0
0
0
0
0
0
0
0
0
0
0
0
0
0
0
0
0
0
0
0
0
0
0
0
0
0
0
0
0
0
0
0
0
0
0
0
0
0
0


0
0
0
0
0
0
0
0
0
0
0
0
0
0
0
0
0
0
0
0
0
0
0
0
0
0
0
0
0
0
0
0
0
0
0
0
0
0
0
0
0
0
0
0
0
0
0
0
0
0
0
0
0
0
0
0
0
0
0
0


0
0
0
0
0
0
0
0
0
0
0
0
0
0
0
0
0
0
0
0
0
0
0
0
0
0
0
0
0
0
0
0
0
0
0
0
0
0
0
0
0
0
0
0
0
0
0
0
0
0
0
0
0
0
0
0
0
0
0
0


3.015670e+01
3.252960e+01
4.397050e+01
4.397540e+01
4.208430e+01
3.750370e+01
1.990750e+01
8.925250e+00
0
0
0
0
0
0
0
0
0
0
0
0
0
0
0
0
0
0
0
0
0
0
0
0
0
0
0
0
0
0
0
0
0
0
0
0
0
0
0
0
0
0
0
0
0
0
0
0
0
0
0
0


0
0
0
0
0
0
0
0
0
0
0
0
0
0
0
0
0
0
0
0
0
0
0
0
0
0
0
0
0
0
0
0
10
10
10
10
10
10
10
10
10
10
10
10
10
10
10
10
10
10
10
10
10
10
10
10
10
10
10
10


0
0
0
0
0
0
0
0
0
0
0
0
0
0
0
0
0
0
0
0
0
0
0
0
0
0
0
0
0
0
0
0
0
0
0
0
0
0
0
0
0
0
0
0
0
0
0
0
0
0
0
0
0
0
0
0
0
0
0
0


0
0
0
0
0
0
0
0
0
0
0
0
0
0
0
0
0
0
0
0
0
0
0
0
0
0
0
0
0
0
0
0
10
10
10
10
10
10
10
10
10
10
10
10
10
10
10
10
10
10
10
10
10
10
10
10
10
10
10
10


7.569900e+01
5.368080e+01
3.147050e+01
9.402890e+00
0
0
0
0
0
0
0
0
0
0
0
0
0
0
0
0
0
0
0
0
0
0
0
0
0
0
0
0
0
0
0
0
0
0
0
0
0
0
0
0
0
0
0
0
0
0
0
0
0
0
0
0
0
0
0
0


0
0
0
0
0
0
0
0
0
0
0
0
0
0
0
0
0
0
0
0
0
0
0
0
0
0
0
0
0
0
0
0
0
0
0
0
0
0
0
0
0
0
0
0
0
0
0
0
0
0
0
0
0
0
0
0
0
0
0
0


0
0
0
0
0
0
0
20
0
0
0
0
0
0
0
0
0
0
0
0
0
0
0
0
0
0
0
0
0
0
0
0
10
10
10
10
10
10
10
10
10
10
10
10
10
10
10
10
10
10
10
10
10
10
10
10
10
10
10
10


20
20
20
20
20
20
20
20
0
0
0
0
0
0
0
0
0
0
0
0
0
0
0
0
0
0
0
0
0
0
0
0
0
0
0
0
0
0
0
0
0
0
0
0
0
0
0
0
0
0
0
0
0
0
0
0
0
0
0
0


0
0
0
0
0
0
0
0
0
0
0
0
0
0
0
0
0
0
0
0
0
0
0
0
0
0
0
0
0
0
0
0
0
0
0
0
0
0
0
0
0
0
0
0
0
0
0
0
0
0
0
0
0
0
0
0
0
0
0
0


0
0
0
0
0
0
0
20
10
10
10
10
10
10
10
10
10
10
10
10
10
10
10
10
10
10
0
0
0
0
0
0
0
0
0
0
0
0
0
0
0
0
0
0
0
0
0
0
0
0
0
0
0
0
0
0
0
0
0
0


0
0
0
0
0
0
0
20
0
0
0
0
0
0
0
0
0
0
0
0
0
0
0
0
0
0
0
0
0
0
0
0
0
0
0
0
0
0
0
0
0
0
0
0
0
0
0
0
0
0
0
0
0
0
0
0
0
0
0
0


10
10
10
10
10
10
10
10
0
0
0
0
0
0
0
0
0
0
0
0
0
0
0
0
0
0
0
0
0
0
0
4.996520e+00
3.117710e+01
5.155690e+01
6.475970e+01
7.168910e+01
7.537590e+01
7.895910e+01
8.188010e+01
8.387650e+01
8.500220e+01
0
0
0
0
0
0
0
0
0
0
0
0
0
0
0
0
0
0
0


9.727140e+01
1.023750e+02
1.074340e+02
1.093160e+02
1.012900e+02
7.997330e+01
4.496770e+01
0
0
0
0
0
0
0
0
0
0
0
0
0
0
0
0
0
0
0
0
0
0
0
0
0
0
0
0
0
0
0
0
0
0
0
0
0
0
0
0
0
0
0
0
0
0
0
0
0
0
0
0
0


10
10
10
10
10
10
10
10
10
10
10
10
10
10
10
10
10
10
10
10
10
10
10
10
10
10
10
10
10
0
0
0
0
0
0
0
0
0
0
0
0
0
0
0
0
0
0
0
0
0
0
0
0
0
0
0
0
0
0
0


10
10
10
10
10
10
10
10
10
10
10
10
10
10
10
10
10
10
10
10
10
10
10
10
10
10
10
10
10
0
0
0
0
0
0
0
0
0
0
0
0
0
0
0
0
0
0
0
0
0
0
0
0
0
0
0
0
0
0
0


