28
1182.418486 	894.849637 	2056.676299 	1247.052154 	
790.154998 	312.981913 	1629.912327 	740.978367 	
1272.191930 	683.309347 	2213.891169 	643.611995 	
215.454082 	2369.438420 	1130.235639 	2499.900000 	
318.297755 	1006.109208 	1175.649151 	1397.672640 	
0.100000 	2150.770930 	909.863564 	1987.979729 	
1254.436489 	1735.259278 	2080.245249 	1280.932051 	
1505.906692 	1924.040905 	2417.076985 	2165.167500 	
1358.268452 	2351.702761 	2297.868547 	2426.033092 	
1271.757200 	1543.094787 	2199.612999 	1708.796180 	
0.100000 	1571.536956 	930.305819 	1566.699776 	
846.280278 	1770.194618 	1737.219359 	1462.622039 	
1480.439116 	66.531924 	2406.090745 	244.133719 	
1497.245822 	2176.641055 	2377.206781 	2499.900000 	
537.315370 	2192.925086 	1473.673821 	2300.657102 	
324.576665 	1776.593703 	1263.804781 	1697.702111 	
29.400262 	783.548313 	971.815435 	768.482543 	
1163.325470 	901.008018 	2102.084687 	816.720010 	
956.624445 	433.822027 	1763.900211 	0.100000 	
0.100000 	1250.626405 	735.665511 	1348.558298 	
651.193995 	1331.038339 	1512.933234 	1712.848268 	
657.093173 	1807.065547 	1599.379649 	1828.734255 	
1358.989629 	103.819450 	2278.452951 	0.100000 	
1454.593461 	303.160616 	2365.396503 	545.670728 	
1010.075229 	942.781589 	1848.350525 	1373.673530 	
70.377232 	820.905005 	997.918921 	988.355751 	
974.183619 	2289.391414 	1899.069915 	2470.936659 	
1232.901430 	2289.520617 	2171.869767 	2371.446179 	
2026.454045 	0.172573 	0.950000 	
2026.454045 	0.172573 	0.950000 	
2026.454045 	0.172573 	0.950000 	
2026.454045 	0.172573 	0.950000 	
2026.454045 	0.172573 	0.950000 	
2026.454045 	0.172573 	0.950000 	
2026.454045 	0.172573 	0.950000 	
2026.454045 	0.172573 	0.950000 	
2026.454045 	0.172573 	0.950000 	
2026.454045 	0.172573 	0.950000 	
2026.454045 	0.172573 	0.950000 	
2026.454045 	0.172573 	0.950000 	
2026.454045 	0.172573 	0.950000 	
2026.454045 	0.172573 	0.950000 	
2026.454045 	0.172573 	0.950000 	
2026.454045 	0.172573 	0.950000 	
2026.454045 	0.172573 	0.950000 	
2026.454045 	0.172573 	0.950000 	
2026.454045 	0.172573 	0.950000 	
2026.454045 	0.172573 	0.950000 	
2026.454045 	0.172573 	0.950000 	
2026.454045 	0.172573 	0.950000 	
2026.454045 	0.172573 	0.950000 	
2026.454045 	0.172573 	0.950000 	
2026.454045 	0.172573 	0.950000 	
2026.454045 	0.172573 	0.950000 	
2026.454045 	0.172573 	0.950000 	
2026.454045 	0.172573 	0.950000 	
