26
747.974416 	1943.336300 	1685.375934 	2254.632094 	
493.364024 	1289.098828 	1337.383996 	1802.184554 	
280.432920 	1772.919217 	1254.773692 	1935.051068 	
1708.497647 	2269.266144 	2499.900000 	2408.920864 	
320.850163 	998.373231 	1236.591016 	628.176842 	
1477.771763 	2211.280879 	2181.991636 	1518.676341 	
787.456482 	1994.232784 	1700.819203 	2370.258336 	
408.683724 	979.643536 	1374.457337 	1186.786010 	
996.235763 	1217.934159 	1968.895392 	1389.864153 	
0.100000 	1506.158360 	741.448202 	1757.137938 	
0.100000 	1257.054457 	862.449321 	1088.002830 	
1643.403001 	247.503941 	2499.900000 	668.992659 	
1603.129568 	383.225300 	2499.900000 	746.785639 	
1422.373381 	1085.739482 	2403.775120 	974.037636 	
1597.857127 	156.525002 	2499.900000 	0.100000 	
1114.543779 	1886.492082 	2102.086819 	1866.859967 	
1327.202913 	27.014213 	2281.031480 	283.602871 	
1192.967463 	863.703686 	2081.704323 	1294.718153 	
190.658441 	1169.844540 	1104.767438 	1544.052260 	
791.182410 	1859.595825 	1518.370656 	1191.146926 	
1337.205629 	1033.578105 	2318.341366 	1147.592760 	
77.261869 	663.891105 	430.436317 	0.100000 	
961.467602 	999.990489 	1760.842786 	419.795701 	
649.652589 	344.198484 	1583.340583 	21.935538 	
0.100000 	1816.371686 	860.626572 	1833.516072 	
640.177326 	877.124299 	1627.662071 	854.751215 	
2207.430252 	0.152345 	0.950000 	
2207.430252 	0.152345 	0.950000 	
2207.430252 	0.152345 	0.950000 	
2207.430252 	0.152345 	0.950000 	
2207.430252 	0.152345 	0.950000 	
2207.430252 	0.152345 	0.950000 	
2207.430252 	0.152345 	0.950000 	
2207.430252 	0.152345 	0.950000 	
2207.430252 	0.152345 	0.950000 	
2207.430252 	0.152345 	0.950000 	
2207.430252 	0.152345 	0.950000 	
2207.430252 	0.152345 	0.950000 	
2207.430252 	0.152345 	0.950000 	
2207.430252 	0.152345 	0.950000 	
2207.430252 	0.152345 	0.950000 	
2207.430252 	0.152345 	0.950000 	
2207.430252 	0.152345 	0.950000 	
2207.430252 	0.152345 	0.950000 	
2207.430252 	0.152345 	0.950000 	
2207.430252 	0.152345 	0.950000 	
2207.430252 	0.152345 	0.950000 	
2207.430252 	0.152345 	0.950000 	
2207.430252 	0.152345 	0.950000 	
2207.430252 	0.152345 	0.950000 	
2207.430252 	0.152345 	0.950000 	
2207.430252 	0.152345 	0.950000 	
