29
622.377251 	598.779483 	1504.729790 	275.680844 	
5.457848 	339.655117 	945.002716 	353.589741 	
672.647946 	1564.064716 	1602.735401 	1430.363336 	
381.354752 	2225.067530 	1319.382853 	2280.221999 	
713.399104 	2499.900000 	1392.148311 	2023.550104 	
1528.549110 	288.286792 	2304.905144 	817.635488 	
598.184131 	1106.746033 	1516.330520 	1306.610844 	
699.433736 	606.519367 	1361.270016 	1273.536213 	
571.922524 	1061.350469 	1369.873049 	1557.549716 	
60.691395 	660.063314 	1000.330042 	664.299654 	
332.020843 	340.247073 	1208.499933 	1.539029 	
59.156488 	1387.286234 	788.103916 	794.349154 	
638.981009 	431.501481 	1578.608339 	437.763706 	
296.480376 	24.882927 	1232.650763 	105.652613 	
414.355150 	2199.120951 	1275.866386 	2499.900000 	
662.275716 	1247.897137 	1537.157931 	905.085463 	
41.289563 	2259.626000 	935.539474 	2499.900000 	
770.494572 	1892.859175 	1709.773123 	1919.213245 	
1214.508864 	158.930468 	2111.120046 	0.100000 	
288.867378 	1559.454175 	1185.426113 	1840.739027 	
1352.870332 	1715.952581 	2287.409996 	1813.801191 	
0.100000 	1656.137219 	866.002275 	1569.506714 	
689.934308 	1064.946804 	1385.599399 	1696.602418 	
0.100000 	433.936729 	713.230115 	656.606920 	
221.970141 	1951.254650 	1160.737426 	1910.576418 	
0.100000 	518.981274 	719.639190 	621.160344 	
158.809704 	911.104998 	1097.908980 	943.218597 	
66.235254 	2195.319024 	1003.700965 	2259.325081 	
323.761610 	2057.696777 	1248.542387 	2224.187762 	
1840.595214 	0.157213 	0.950000 	
1840.595214 	0.157213 	0.950000 	
1840.595214 	0.157213 	0.950000 	
1840.595214 	0.157213 	0.950000 	
1840.595214 	0.157213 	0.950000 	
1840.595214 	0.157213 	0.950000 	
1840.595214 	0.157213 	0.950000 	
1840.595214 	0.157213 	0.950000 	
1840.595214 	0.157213 	0.950000 	
1840.595214 	0.157213 	0.950000 	
1840.595214 	0.157213 	0.950000 	
1840.595214 	0.157213 	0.950000 	
1840.595214 	0.157213 	0.950000 	
1840.595214 	0.157213 	0.950000 	
1840.595214 	0.157213 	0.950000 	
1840.595214 	0.157213 	0.950000 	
1840.595214 	0.157213 	0.950000 	
1840.595214 	0.157213 	0.950000 	
1840.595214 	0.157213 	0.950000 	
1840.595214 	0.157213 	0.950000 	
1840.595214 	0.157213 	0.950000 	
1840.595214 	0.157213 	0.950000 	
1840.595214 	0.157213 	0.950000 	
1840.595214 	0.157213 	0.950000 	
1840.595214 	0.157213 	0.950000 	
1840.595214 	0.157213 	0.950000 	
1840.595214 	0.157213 	0.950000 	
1840.595214 	0.157213 	0.950000 	
1840.595214 	0.157213 	0.950000 	
