24
1255.935993 	0.100000 	2014.191953 	656.654895 	
851.679950 	1718.650657 	1874.999389 	1484.938958 	
520.735238 	873.484906 	1565.347933 	770.586168 	
0.100000 	1937.881257 	801.467462 	1331.178856 	
1294.712292 	1970.642847 	2325.989834 	1775.014468 	
471.127213 	1721.209782 	1379.208243 	1194.718876 	
940.934745 	1843.836281 	1990.528884 	1856.325359 	
1236.850353 	414.514812 	2228.165845 	759.619762 	
0.100000 	1754.425956 	977.861263 	1920.361753 	
0.682028 	2499.900000 	1010.871491 	2283.912055 	
928.210938 	2480.885948 	1769.949490 	1853.765511 	
779.550444 	0.100000 	1661.367191 	500.280484 	
1667.201737 	537.756807 	2394.700980 	1294.426275 	
1323.673840 	898.170874 	2372.167275 	947.823147 	
1233.005909 	1911.492095 	2204.358426 	1513.650268 	
0.100000 	1256.993676 	820.502828 	1732.714501 	
0.100000 	2094.457717 	906.454820 	1852.362001 	
0.100000 	1015.412531 	942.982312 	822.852061 	
1353.342085 	336.052275 	2340.061372 	694.087023 	
1686.937439 	488.289551 	2499.900000 	0.100000 	
1240.068614 	2294.592903 	1994.793675 	1565.076683 	
0.100000 	427.876433 	1031.854586 	600.496174 	
1177.100256 	888.426692 	2213.797903 	1052.931463 	
0.100000 	1359.841911 	995.174906 	1399.050749 	
2216.448119 	0.169409 	0.950000 	
2216.448119 	0.169409 	0.950000 	
2216.448119 	0.169409 	0.950000 	
2216.448119 	0.169409 	0.950000 	
2216.448119 	0.169409 	0.950000 	
2216.448119 	0.169409 	0.950000 	
2216.448119 	0.169409 	0.950000 	
2216.448119 	0.169409 	0.950000 	
2216.448119 	0.169409 	0.950000 	
2216.448119 	0.169409 	0.950000 	
2216.448119 	0.169409 	0.950000 	
2216.448119 	0.169409 	0.950000 	
2216.448119 	0.169409 	0.950000 	
2216.448119 	0.169409 	0.950000 	
2216.448119 	0.169409 	0.950000 	
2216.448119 	0.169409 	0.950000 	
2216.448119 	0.169409 	0.950000 	
2216.448119 	0.169409 	0.950000 	
2216.448119 	0.169409 	0.950000 	
2216.448119 	0.169409 	0.950000 	
2216.448119 	0.169409 	0.950000 	
2216.448119 	0.169409 	0.950000 	
2216.448119 	0.169409 	0.950000 	
2216.448119 	0.169409 	0.950000 	
