27
1041.366044 	1686.598379 	1989.964951 	1936.003155 	
593.779907 	1993.143992 	1568.402928 	2103.382808 	
986.706886 	2056.928178 	1819.292305 	2499.900000 	
1725.169253 	1493.924013 	2499.900000 	1076.675946 	
991.488522 	497.240036 	1971.904395 	468.476404 	
104.513500 	1304.715064 	997.798086 	1709.789474 	
1436.130541 	498.252512 	2416.952249 	492.648428 	
1227.459820 	903.473589 	2177.201858 	1148.489286 	
73.196455 	2424.034949 	862.188346 	1841.339122 	
86.876205 	1005.749984 	1058.529957 	1139.658969 	
397.322151 	2111.733079 	1290.719007 	2499.900000 	
784.577913 	1310.583230 	1409.751842 	554.805361 	
818.508245 	1790.933214 	1795.149429 	1700.298631 	
367.972163 	1703.283852 	1232.417327 	1239.843254 	
1455.081462 	445.199910 	2356.742861 	59.130808 	
1358.380716 	917.843575 	2312.758230 	1144.131426 	
351.342791 	2108.158231 	1243.649182 	2499.900000 	
992.628077 	179.170260 	1970.149524 	98.582107 	
0.100000 	1059.422705 	933.361174 	860.815025 	
1217.290079 	282.769922 	1962.562790 	920.430660 	
454.654800 	586.104944 	1434.931592 	552.938091 	
1104.040110 	819.772951 	2073.942303 	965.828984 	
354.756018 	2377.054061 	1326.452947 	2243.458744 	
1130.137718 	1159.185813 	2091.574151 	1353.305918 	
602.534425 	2234.534976 	1472.557842 	1781.653223 	
543.235385 	871.527131 	1524.037934 	879.833042 	
202.874478 	1313.863679 	1124.978725 	979.548875 	
2137.902911 	0.189187 	0.950000 	
2137.902911 	0.189187 	0.950000 	
2137.902911 	0.189187 	0.950000 	
2137.902911 	0.189187 	0.950000 	
2137.902911 	0.189187 	0.950000 	
2137.902911 	0.189187 	0.950000 	
2137.902911 	0.189187 	0.950000 	
2137.902911 	0.189187 	0.950000 	
2137.902911 	0.189187 	0.950000 	
2137.902911 	0.189187 	0.950000 	
2137.902911 	0.189187 	0.950000 	
2137.902911 	0.189187 	0.950000 	
2137.902911 	0.189187 	0.950000 	
2137.902911 	0.189187 	0.950000 	
2137.902911 	0.189187 	0.950000 	
2137.902911 	0.189187 	0.950000 	
2137.902911 	0.189187 	0.950000 	
2137.902911 	0.189187 	0.950000 	
2137.902911 	0.189187 	0.950000 	
2137.902911 	0.189187 	0.950000 	
2137.902911 	0.189187 	0.950000 	
2137.902911 	0.189187 	0.950000 	
2137.902911 	0.189187 	0.950000 	
2137.902911 	0.189187 	0.950000 	
2137.902911 	0.189187 	0.950000 	
2137.902911 	0.189187 	0.950000 	
2137.902911 	0.189187 	0.950000 	
