28
949.352679 	553.704472 	1737.285700 	974.927179 	
274.287672 	1775.954227 	1124.269773 	2051.267577 	
49.259196 	627.319971 	942.663469 	637.108686 	
800.727176 	1830.580278 	1640.120785 	1524.499599 	
1607.414708 	546.450452 	2388.754459 	113.120086 	
1127.530393 	2168.284994 	1938.170610 	2499.900000 	
831.297271 	794.866661 	1461.651788 	1428.049254 	
80.111658 	847.295913 	968.463357 	942.680782 	
85.751423 	436.526382 	978.885628 	412.478408 	
1798.590079 	1086.409169 	2499.900000 	1408.961158 	
1841.474222 	1405.107113 	2499.900000 	855.723889 	
663.385418 	211.099584 	1552.184772 	119.980316 	
1446.858574 	2499.900000 	2077.295466 	1903.153899 	
926.799065 	2194.425378 	1807.563533 	2344.495251 	
1316.609561 	1951.482744 	2210.008015 	1961.788899 	
1758.860550 	1122.102554 	2499.900000 	1237.615242 	
0.100000 	2065.299713 	774.145824 	1915.411806 	
620.533079 	2488.604354 	1283.480919 	1889.632589 	
790.449334 	1509.970049 	1616.142517 	1851.287762 	
167.885748 	289.780330 	1031.855577 	62.133349 	
516.201426 	279.548045 	1407.416748 	342.811481 	
1611.260783 	899.774299 	2442.617084 	1227.056617 	
0.100000 	1856.569290 	823.676881 	2056.759553 	
12.256970 	1615.822420 	858.732768 	1329.910306 	
217.214232 	1225.953473 	1106.002493 	1134.726059 	
1035.283128 	122.412445 	1925.512792 	46.529911 	
383.825315 	279.990670 	1209.902887 	620.377009 	
1355.088939 	2112.545200 	2136.052550 	2499.900000 	
1796.112388 	0.152628 	0.950000 	
1796.112388 	0.152628 	0.950000 	
1796.112388 	0.152628 	0.950000 	
1796.112388 	0.152628 	0.950000 	
1796.112388 	0.152628 	0.950000 	
1796.112388 	0.152628 	0.950000 	
1796.112388 	0.152628 	0.950000 	
1796.112388 	0.152628 	0.950000 	
1796.112388 	0.152628 	0.950000 	
1796.112388 	0.152628 	0.950000 	
1796.112388 	0.152628 	0.950000 	
1796.112388 	0.152628 	0.950000 	
1796.112388 	0.152628 	0.950000 	
1796.112388 	0.152628 	0.950000 	
1796.112388 	0.152628 	0.950000 	
1796.112388 	0.152628 	0.950000 	
1796.112388 	0.152628 	0.950000 	
1796.112388 	0.152628 	0.950000 	
1796.112388 	0.152628 	0.950000 	
1796.112388 	0.152628 	0.950000 	
1796.112388 	0.152628 	0.950000 	
1796.112388 	0.152628 	0.950000 	
1796.112388 	0.152628 	0.950000 	
1796.112388 	0.152628 	0.950000 	
1796.112388 	0.152628 	0.950000 	
1796.112388 	0.152628 	0.950000 	
1796.112388 	0.152628 	0.950000 	
1796.112388 	0.152628 	0.950000 	
