27
1419.961492 	1852.316497 	2449.625487 	1530.222707 	
0.100000 	1492.072739 	871.628516 	1234.147572 	
1240.731046 	2362.927912 	2294.486731 	2131.516356 	
1113.526676 	19.862218 	2090.472821 	477.605138 	
1460.255125 	197.434560 	2499.900000 	257.261899 	
422.901080 	313.373164 	1400.871863 	0.100000 	
751.966415 	879.194993 	1822.032263 	741.676148 	
633.057458 	290.511040 	1682.723364 	539.817753 	
70.899213 	2499.900000 	1147.113056 	2457.393993 	
1415.171970 	1141.101418 	2474.425859 	936.324588 	
0.100000 	2288.025355 	702.337371 	1483.641567 	
816.113245 	1977.314850 	1778.271043 	1489.252637 	
175.981551 	1929.437350 	1254.832966 	1923.782705 	
1647.561311 	2499.900000 	2465.534305 	1928.914323 	
802.574992 	877.460568 	1862.452869 	675.938272 	
0.100000 	619.848274 	975.869781 	403.737070 	
1444.173222 	325.704136 	2484.161304 	38.689954 	
0.100000 	1662.936142 	838.455716 	1273.067289 	
23.961600 	1180.820605 	1044.205393 	1531.612501 	
260.397733 	1942.938146 	1109.592866 	1277.490946 	
1287.246833 	1343.361297 	2322.601465 	1646.665001 	
429.455717 	1187.925376 	1500.968089 	1062.173284 	
0.100000 	463.779193 	837.017669 	348.971709 	
1394.604685 	1779.989160 	2440.513752 	2044.614509 	
446.990687 	2354.720656 	1505.800567 	2499.900000 	
1644.883610 	0.100000 	2009.363603 	865.583229 	
1549.244445 	2350.895068 	2469.394209 	1787.621809 	
2219.074889 	0.163681 	0.950000 	
2219.074889 	0.163681 	0.950000 	
2219.074889 	0.163681 	0.950000 	
2219.074889 	0.163681 	0.950000 	
2219.074889 	0.163681 	0.950000 	
2219.074889 	0.163681 	0.950000 	
2219.074889 	0.163681 	0.950000 	
2219.074889 	0.163681 	0.950000 	
2219.074889 	0.163681 	0.950000 	
2219.074889 	0.163681 	0.950000 	
2219.074889 	0.163681 	0.950000 	
2219.074889 	0.163681 	0.950000 	
2219.074889 	0.163681 	0.950000 	
2219.074889 	0.163681 	0.950000 	
2219.074889 	0.163681 	0.950000 	
2219.074889 	0.163681 	0.950000 	
2219.074889 	0.163681 	0.950000 	
2219.074889 	0.163681 	0.950000 	
2219.074889 	0.163681 	0.950000 	
2219.074889 	0.163681 	0.950000 	
2219.074889 	0.163681 	0.950000 	
2219.074889 	0.163681 	0.950000 	
2219.074889 	0.163681 	0.950000 	
2219.074889 	0.163681 	0.950000 	
2219.074889 	0.163681 	0.950000 	
2219.074889 	0.163681 	0.950000 	
2219.074889 	0.163681 	0.950000 	
