26
0.100000 	1773.329044 	864.114778 	1518.938236 	
0.100000 	395.470881 	854.006195 	398.546933 	
1031.079588 	1993.266785 	2019.010969 	2020.046217 	
758.896159 	1380.339775 	1438.246166 	662.559084 	
1586.296137 	955.512912 	2499.900000 	681.446483 	
601.131594 	1763.059862 	1568.151940 	1967.013781 	
64.017649 	1858.983388 	1052.215661 	1872.776214 	
937.520110 	735.124116 	1722.476945 	134.650705 	
1639.211129 	388.645590 	2499.900000 	199.078419 	
1078.620806 	464.197605 	2065.199454 	405.990017 	
545.419772 	1552.742960 	1533.209994 	1584.302860 	
377.382832 	2407.404335 	1158.579337 	1802.046943 	
1454.159215 	1225.741869 	2437.489425 	1324.672406 	
1732.402490 	135.206529 	2499.900000 	693.612191 	
603.398269 	2075.072560 	1404.601080 	1496.453853 	
0.100000 	2182.866230 	871.389622 	2352.320251 	
186.224194 	297.538837 	1040.102881 	795.149869 	
912.849839 	2103.870842 	1890.140622 	2250.936398 	
140.785295 	416.298021 	1102.754832 	642.881697 	
347.322787 	2183.310326 	1318.470637 	2000.014375 	
680.487208 	2184.158695 	1666.169219 	2112.349751 	
498.900276 	1523.170918 	1389.009488 	1093.716447 	
392.746720 	1216.976427 	1379.916146 	1169.837544 	
687.272229 	2331.104245 	1652.386090 	2118.311419 	
244.049478 	288.966128 	1199.530203 	36.414874 	
0.100000 	1007.676094 	721.970667 	1539.604531 	
2125.986958 	0.157506 	0.950000 	
2125.986958 	0.157506 	0.950000 	
2125.986958 	0.157506 	0.950000 	
2125.986958 	0.157506 	0.950000 	
2125.986958 	0.157506 	0.950000 	
2125.986958 	0.157506 	0.950000 	
2125.986958 	0.157506 	0.950000 	
2125.986958 	0.157506 	0.950000 	
2125.986958 	0.157506 	0.950000 	
2125.986958 	0.157506 	0.950000 	
2125.986958 	0.157506 	0.950000 	
2125.986958 	0.157506 	0.950000 	
2125.986958 	0.157506 	0.950000 	
2125.986958 	0.157506 	0.950000 	
2125.986958 	0.157506 	0.950000 	
2125.986958 	0.157506 	0.950000 	
2125.986958 	0.157506 	0.950000 	
2125.986958 	0.157506 	0.950000 	
2125.986958 	0.157506 	0.950000 	
2125.986958 	0.157506 	0.950000 	
2125.986958 	0.157506 	0.950000 	
2125.986958 	0.157506 	0.950000 	
2125.986958 	0.157506 	0.950000 	
2125.986958 	0.157506 	0.950000 	
2125.986958 	0.157506 	0.950000 	
2125.986958 	0.157506 	0.950000 	
