25
1398.802039 	45.242911 	2499.900000 	136.458157 	
955.126964 	817.637790 	1939.143147 	1372.330545 	
83.880849 	104.755775 	1207.192190 	223.682366 	
1325.325557 	2227.404976 	2364.796523 	2499.900000 	
1260.026329 	1579.739447 	2389.516278 	1564.760873 	
56.290001 	2054.172641 	826.050332 	1227.467775 	
32.445633 	889.685444 	1153.345495 	749.844815 	
891.598990 	1159.278567 	2019.649398 	1218.220749 	
354.553333 	186.433232 	1445.840598 	0.100000 	
219.870295 	510.438974 	1349.269193 	489.701755 	
1359.513559 	2460.802171 	2297.685447 	1831.671492 	
938.061360 	316.456243 	2028.392411 	21.244281 	
1085.804786 	951.488662 	2160.052034 	602.254140 	
1082.338388 	2117.103686 	2207.394816 	2016.009978 	
1558.442166 	1428.168811 	2499.900000 	1631.173261 	
0.100000 	2161.902242 	1041.255600 	2411.099626 	
946.017878 	1984.614409 	1981.526987 	2435.937782 	
708.660974 	395.396094 	1750.809625 	831.169075 	
752.852343 	2491.653647 	1865.953180 	2299.355888 	
228.453759 	810.580374 	1159.022766 	1450.903125 	
1181.946591 	2200.696342 	2310.777006 	2242.094377 	
243.522194 	1375.873918 	1289.093419 	948.378051 	
121.720777 	1667.462719 	1174.735130 	1258.644087 	
1467.589542 	236.290993 	2499.900000 	0.100000 	
0.100000 	2094.435039 	798.612475 	1547.741914 	
1947.440102 	0.170250 	0.950000 	
1947.440102 	0.170250 	0.950000 	
1947.440102 	0.170250 	0.950000 	
1947.440102 	0.170250 	0.950000 	
1947.440102 	0.170250 	0.950000 	
1947.440102 	0.170250 	0.950000 	
1947.440102 	0.170250 	0.950000 	
1947.440102 	0.170250 	0.950000 	
1947.440102 	0.170250 	0.950000 	
1947.440102 	0.170250 	0.950000 	
1947.440102 	0.170250 	0.950000 	
1947.440102 	0.170250 	0.950000 	
1947.440102 	0.170250 	0.950000 	
1947.440102 	0.170250 	0.950000 	
1947.440102 	0.170250 	0.950000 	
1947.440102 	0.170250 	0.950000 	
1947.440102 	0.170250 	0.950000 	
1947.440102 	0.170250 	0.950000 	
1947.440102 	0.170250 	0.950000 	
1947.440102 	0.170250 	0.950000 	
1947.440102 	0.170250 	0.950000 	
1947.440102 	0.170250 	0.950000 	
1947.440102 	0.170250 	0.950000 	
1947.440102 	0.170250 	0.950000 	
1947.440102 	0.170250 	0.950000 	
