22
0.100000 	302.131450 	930.348969 	652.298389 	
1661.436223 	2326.014823 	2499.900000 	1958.664354 	
524.097316 	2335.193903 	1559.965142 	2379.071459 	
796.691080 	234.415765 	1832.357312 	282.818733 	
1559.381736 	596.774016 	2499.900000 	885.420720 	
433.353457 	1849.230622 	1426.787508 	2145.939531 	
1131.093503 	1367.341902 	2024.489077 	841.231894 	
1251.481930 	979.686282 	2157.962330 	1482.916525 	
190.716529 	0.100000 	1201.337873 	189.540044 	
878.134746 	1620.464947 	1843.681382 	1242.751980 	
680.728376 	1627.596992 	1640.202305 	1234.713840 	
958.818763 	1937.230853 	1982.239389 	1771.225990 	
831.016131 	299.793207 	1844.944021 	83.234608 	
805.131481 	1776.040167 	1768.293875 	2159.792163 	
344.623081 	281.854001 	1299.567907 	685.620974 	
1491.417543 	1284.354003 	2499.900000 	1370.284518 	
1646.227738 	2106.994734 	2499.900000 	2499.900000 	
1344.502256 	2442.790649 	2380.334872 	2487.491675 	
1738.541086 	2180.220281 	2499.900000 	2499.900000 	
838.307026 	523.202577 	1758.632663 	1000.641699 	
20.363409 	2131.827622 	931.112332 	1636.364414 	
1059.775705 	348.684145 	2041.162051 	683.091430 	
1956.047504 	0.166818 	0.950000 	
1956.047504 	0.166818 	0.950000 	
1956.047504 	0.166818 	0.950000 	
1956.047504 	0.166818 	0.950000 	
1956.047504 	0.166818 	0.950000 	
1956.047504 	0.166818 	0.950000 	
1956.047504 	0.166818 	0.950000 	
1956.047504 	0.166818 	0.950000 	
1956.047504 	0.166818 	0.950000 	
1956.047504 	0.166818 	0.950000 	
1956.047504 	0.166818 	0.950000 	
1956.047504 	0.166818 	0.950000 	
1956.047504 	0.166818 	0.950000 	
1956.047504 	0.166818 	0.950000 	
1956.047504 	0.166818 	0.950000 	
1956.047504 	0.166818 	0.950000 	
1956.047504 	0.166818 	0.950000 	
1956.047504 	0.166818 	0.950000 	
1956.047504 	0.166818 	0.950000 	
1956.047504 	0.166818 	0.950000 	
1956.047504 	0.166818 	0.950000 	
1956.047504 	0.166818 	0.950000 	
