29
180.688578 	2308.518917 	1311.225632 	2249.070724 	
825.533272 	661.800060 	1746.298446 	3.135036 	
1306.818638 	534.797775 	2044.505578 	0.100000 	
206.310519 	948.178273 	1333.165591 	1057.016532 	
0.100000 	1595.131102 	1035.434321 	1383.407336 	
790.169089 	2387.181466 	1908.508897 	2211.215016 	
122.604644 	765.459634 	1253.002420 	703.419427 	
308.362178 	1354.322326 	1440.340159 	1370.874386 	
1674.944441 	2174.739453 	2499.900000 	1733.669439 	
302.359528 	824.133043 	1434.402434 	812.864666 	
1774.142916 	667.957766 	2499.900000 	0.100000 	
542.714091 	1307.172735 	1599.533375 	901.240326 	
0.100000 	159.960309 	829.949136 	0.100000 	
307.443486 	1626.937998 	1432.832503 	1750.013907 	
0.100000 	217.343941 	1123.097892 	340.607926 	
1740.720556 	228.987810 	2499.900000 	769.213595 	
703.528208 	978.060288 	1597.428610 	1672.747405 	
783.006564 	1469.985754 	1897.866586 	1666.798482 	
238.173210 	1114.518969 	1311.153902 	753.464192 	
1461.399105 	1398.461822 	2499.900000 	1633.806348 	
0.100000 	1848.610333 	955.050919 	2383.333090 	
1385.732088 	1512.193805 	2408.518670 	1997.534642 	
538.760270 	959.411237 	1669.942652 	1004.958335 	
1614.625483 	1735.899040 	2499.900000 	1123.444275 	
810.927500 	898.826705 	1801.121135 	350.041971 	
1431.459708 	1899.467176 	2499.900000 	1737.266490 	
401.361030 	743.400165 	1509.882213 	973.245561 	
499.350415 	326.437639 	1601.259231 	66.735735 	
983.863876 	1082.662553 	1907.827686 	428.492088 	
1909.487704 	0.170007 	0.950000 	
1909.487704 	0.170007 	0.950000 	
1909.487704 	0.170007 	0.950000 	
1909.487704 	0.170007 	0.950000 	
1909.487704 	0.170007 	0.950000 	
1909.487704 	0.170007 	0.950000 	
1909.487704 	0.170007 	0.950000 	
1909.487704 	0.170007 	0.950000 	
1909.487704 	0.170007 	0.950000 	
1909.487704 	0.170007 	0.950000 	
1909.487704 	0.170007 	0.950000 	
1909.487704 	0.170007 	0.950000 	
1909.487704 	0.170007 	0.950000 	
1909.487704 	0.170007 	0.950000 	
1909.487704 	0.170007 	0.950000 	
1909.487704 	0.170007 	0.950000 	
1909.487704 	0.170007 	0.950000 	
1909.487704 	0.170007 	0.950000 	
1909.487704 	0.170007 	0.950000 	
1909.487704 	0.170007 	0.950000 	
1909.487704 	0.170007 	0.950000 	
1909.487704 	0.170007 	0.950000 	
1909.487704 	0.170007 	0.950000 	
1909.487704 	0.170007 	0.950000 	
1909.487704 	0.170007 	0.950000 	
1909.487704 	0.170007 	0.950000 	
1909.487704 	0.170007 	0.950000 	
1909.487704 	0.170007 	0.950000 	
1909.487704 	0.170007 	0.950000 	
