24
954.265374 	1398.342650 	2000.668577 	1601.597119 	
420.105883 	1424.393451 	1462.981350 	1203.751655 	
1171.487093 	1311.037684 	2219.040113 	1113.794910 	
0.100000 	1544.756785 	1009.005578 	1733.494711 	
86.345615 	186.185176 	1136.807924 	5.074771 	
200.518163 	779.626150 	1074.939683 	169.987695 	
540.387406 	2499.900000 	1401.806371 	2007.924743 	
551.047660 	1619.524298 	1566.527239 	1295.374231 	
305.648053 	0.100000 	1097.472381 	395.347513 	
1257.693018 	315.989858 	1918.535296 	1152.386609 	
1631.629042 	127.141170 	2499.900000 	99.159741 	
676.697743 	2292.475772 	1549.962774 	1681.181876 	
1324.649147 	1777.363759 	2390.607693 	1779.466090 	
1332.842880 	1198.252241 	2359.913905 	1483.554099 	
1957.256640 	1015.487581 	2499.900000 	1918.485677 	
258.407968 	193.188411 	1088.809640 	861.548423 	
381.644951 	1118.326042 	1434.430448 	951.248997 	
1299.591867 	1531.121040 	2249.775521 	1047.982277 	
1240.500603 	2198.403135 	2286.537386 	1993.271251 	
1691.422679 	1879.083067 	2499.900000 	1420.470126 	
927.788856 	937.181131 	1851.780469 	1468.699278 	
941.389554 	2220.165987 	1992.634916 	2043.657549 	
448.511762 	1241.132145 	1511.857118 	1166.508458 	
435.248293 	860.232754 	1438.941966 	501.246609 	
1815.407469 	0.164526 	0.950000 	
1815.407469 	0.164526 	0.950000 	
1815.407469 	0.164526 	0.950000 	
1815.407469 	0.164526 	0.950000 	
1815.407469 	0.164526 	0.950000 	
1815.407469 	0.164526 	0.950000 	
1815.407469 	0.164526 	0.950000 	
1815.407469 	0.164526 	0.950000 	
1815.407469 	0.164526 	0.950000 	
1815.407469 	0.164526 	0.950000 	
1815.407469 	0.164526 	0.950000 	
1815.407469 	0.164526 	0.950000 	
1815.407469 	0.164526 	0.950000 	
1815.407469 	0.164526 	0.950000 	
1815.407469 	0.164526 	0.950000 	
1815.407469 	0.164526 	0.950000 	
1815.407469 	0.164526 	0.950000 	
1815.407469 	0.164526 	0.950000 	
1815.407469 	0.164526 	0.950000 	
1815.407469 	0.164526 	0.950000 	
1815.407469 	0.164526 	0.950000 	
1815.407469 	0.164526 	0.950000 	
1815.407469 	0.164526 	0.950000 	
1815.407469 	0.164526 	0.950000 	
