22
754.785090 	539.265334 	1675.937117 	964.019410 	
1373.269566 	225.428019 	2358.672751 	0.100000 	
1277.189459 	1563.394767 	2166.848005 	1076.111736 	
894.187396 	722.594902 	1895.030185 	557.516767 	
0.100000 	1156.560860 	756.914527 	886.989102 	
1182.063625 	2316.659234 	2191.058230 	2420.903980 	
643.761019 	2344.204337 	1653.945348 	2252.200513 	
1145.930780 	582.481787 	1992.536295 	23.736600 	
1262.347361 	1365.276895 	2250.486023 	1594.447278 	
1357.466669 	971.372154 	2361.489386 	826.888712 	
0.100000 	1916.672578 	801.478953 	1679.862084 	
1330.562596 	1475.384029 	2288.706473 	1142.371429 	
901.966818 	496.538517 	1867.435177 	807.678243 	
0.100000 	1254.387223 	908.951972 	1211.009307 	
337.470856 	2430.050171 	1169.016441 	1849.129332 	
183.118812 	1429.154030 	850.699303 	2192.877389 	
876.324301 	565.627393 	1881.571386 	429.924116 	
827.650456 	339.329938 	1836.274675 	447.099434 	
0.100000 	855.746286 	890.109879 	996.631313 	
1784.983402 	2404.633441 	2499.900000 	1906.726584 	
302.215093 	1477.906442 	1202.166669 	1945.906699 	
376.227390 	1535.560622 	1385.664576 	1635.428775 	
2270.128004 	0.153182 	0.950000 	
2270.128004 	0.153182 	0.950000 	
2270.128004 	0.153182 	0.950000 	
2270.128004 	0.153182 	0.950000 	
2270.128004 	0.153182 	0.950000 	
2270.128004 	0.153182 	0.950000 	
2270.128004 	0.153182 	0.950000 	
2270.128004 	0.153182 	0.950000 	
2270.128004 	0.153182 	0.950000 	
2270.128004 	0.153182 	0.950000 	
2270.128004 	0.153182 	0.950000 	
2270.128004 	0.153182 	0.950000 	
2270.128004 	0.153182 	0.950000 	
2270.128004 	0.153182 	0.950000 	
2270.128004 	0.153182 	0.950000 	
2270.128004 	0.153182 	0.950000 	
2270.128004 	0.153182 	0.950000 	
2270.128004 	0.153182 	0.950000 	
2270.128004 	0.153182 	0.950000 	
2270.128004 	0.153182 	0.950000 	
2270.128004 	0.153182 	0.950000 	
2270.128004 	0.153182 	0.950000 	
