28
1525.791415 	0.100000 	2499.900000 	100.836219 	
983.481226 	2042.194699 	2012.443067 	1567.985834 	
250.067426 	2432.214528 	1280.272194 	1960.711977 	
1609.341723 	1129.152829 	2499.900000 	808.080698 	
0.100000 	419.182480 	873.581951 	812.969747 	
0.100000 	146.565620 	842.570504 	412.052148 	
0.100000 	2104.595770 	992.453883 	2129.309924 	
720.592311 	1688.878881 	1850.779108 	1609.416171 	
1442.462330 	1906.302303 	2499.900000 	1992.008711 	
565.678485 	609.873512 	1543.037892 	1182.939920 	
830.749659 	295.242242 	1914.543637 	625.434811 	
892.344960 	143.897150 	2000.278424 	0.100000 	
0.100000 	255.711650 	965.109942 	173.862276 	
478.952179 	705.505826 	1587.007823 	941.830197 	
399.727714 	835.964748 	1520.212796 	668.186024 	
227.507886 	1024.160810 	1251.648085 	1508.694991 	
0.100000 	888.516402 	1027.149862 	1044.510073 	
0.100000 	2040.710293 	953.519237 	2499.900000 	
220.406426 	451.863657 	1348.411758 	345.842481 	
223.394008 	2038.667927 	1342.175494 	1859.881728 	
1721.415006 	43.267718 	2499.900000 	844.043663 	
160.796555 	2341.675489 	1083.911157 	1684.791975 	
722.794617 	1570.468500 	1806.945765 	1241.450556 	
8.930388 	992.604206 	1081.446467 	1357.769622 	
1597.006167 	622.472054 	2499.900000 	1175.586152 	
1601.377888 	1181.045966 	2499.900000 	677.826089 	
0.100000 	778.433475 	1061.051274 	1135.929200 	
1454.714364 	464.674052 	2499.900000 	816.859602 	
2154.576970 	0.157143 	0.950000 	
2154.576970 	0.157143 	0.950000 	
2154.576970 	0.157143 	0.950000 	
2154.576970 	0.157143 	0.950000 	
2154.576970 	0.157143 	0.950000 	
2154.576970 	0.157143 	0.950000 	
2154.576970 	0.157143 	0.950000 	
2154.576970 	0.157143 	0.950000 	
2154.576970 	0.157143 	0.950000 	
2154.576970 	0.157143 	0.950000 	
2154.576970 	0.157143 	0.950000 	
2154.576970 	0.157143 	0.950000 	
2154.576970 	0.157143 	0.950000 	
2154.576970 	0.157143 	0.950000 	
2154.576970 	0.157143 	0.950000 	
2154.576970 	0.157143 	0.950000 	
2154.576970 	0.157143 	0.950000 	
2154.576970 	0.157143 	0.950000 	
2154.576970 	0.157143 	0.950000 	
2154.576970 	0.157143 	0.950000 	
2154.576970 	0.157143 	0.950000 	
2154.576970 	0.157143 	0.950000 	
2154.576970 	0.157143 	0.950000 	
2154.576970 	0.157143 	0.950000 	
2154.576970 	0.157143 	0.950000 	
2154.576970 	0.157143 	0.950000 	
2154.576970 	0.157143 	0.950000 	
2154.576970 	0.157143 	0.950000 	
