25
291.978047 	1068.341886 	1280.772047 	975.624779 	
1277.396616 	527.351524 	2204.185585 	884.244004 	
1572.470819 	1606.191279 	2499.900000 	1546.760639 	
932.705589 	449.423342 	1905.504580 	649.353724 	
1664.446725 	1339.446046 	2461.566466 	1931.822746 	
0.100000 	265.536927 	809.454718 	701.805158 	
875.985611 	331.017630 	1850.960377 	141.982602 	
0.100000 	1915.809555 	575.466961 	2499.900000 	
95.482823 	1210.630057 	1017.142205 	1580.567917 	
570.469692 	998.997609 	1559.495469 	1089.208748 	
263.106986 	477.753842 	1170.676497 	74.482693 	
931.015359 	1073.997678 	1710.239732 	1689.724413 	
377.123414 	299.955996 	1369.301317 	256.446859 	
1171.199325 	612.250527 	2163.338263 	567.861754 	
927.588422 	340.906448 	1920.653756 	352.364161 	
233.771575 	776.582268 	1222.993388 	864.617720 	
57.526415 	486.897335 	698.709269 	1245.313173 	
0.100000 	2070.372656 	684.892177 	2499.900000 	
131.827092 	2236.455643 	1124.464282 	2205.127630 	
829.471541 	1684.904010 	1635.343213 	2265.318417 	
991.100522 	254.540280 	1974.774882 	117.811388 	
41.922792 	1251.478441 	949.181261 	847.508013 	
27.424993 	1080.186975 	1004.701162 	903.434820 	
395.839321 	1149.585714 	1360.884005 	915.067499 	
0.100000 	2459.189012 	921.680908 	2410.581717 	
2165.238657 	0.135900 	0.950000 	
2165.238657 	0.135900 	0.950000 	
2165.238657 	0.135900 	0.950000 	
2165.238657 	0.135900 	0.950000 	
2165.238657 	0.135900 	0.950000 	
2165.238657 	0.135900 	0.950000 	
2165.238657 	0.135900 	0.950000 	
2165.238657 	0.135900 	0.950000 	
2165.238657 	0.135900 	0.950000 	
2165.238657 	0.135900 	0.950000 	
2165.238657 	0.135900 	0.950000 	
2165.238657 	0.135900 	0.950000 	
2165.238657 	0.135900 	0.950000 	
2165.238657 	0.135900 	0.950000 	
2165.238657 	0.135900 	0.950000 	
2165.238657 	0.135900 	0.950000 	
2165.238657 	0.135900 	0.950000 	
2165.238657 	0.135900 	0.950000 	
2165.238657 	0.135900 	0.950000 	
2165.238657 	0.135900 	0.950000 	
2165.238657 	0.135900 	0.950000 	
2165.238657 	0.135900 	0.950000 	
2165.238657 	0.135900 	0.950000 	
2165.238657 	0.135900 	0.950000 	
2165.238657 	0.135900 	0.950000 	
