21
1388.559461 	795.112355 	2312.814525 	644.434016 	
979.603894 	765.724969 	1895.078015 	568.599332 	
41.933027 	1986.074593 	846.767022 	2464.816302 	
918.712922 	786.945208 	1819.323744 	1043.560740 	
0.100000 	264.379706 	791.144188 	485.697232 	
1327.249972 	2200.343712 	2203.276913 	2499.900000 	
1129.968617 	1465.131118 	2008.621499 	1789.045455 	
980.728875 	2449.520750 	1917.108409 	2461.552095 	
306.290309 	731.714160 	1101.688690 	237.454310 	
1307.552656 	2358.961942 	2047.304788 	1784.751033 	
1230.827948 	1227.558543 	2167.181705 	1241.451903 	
566.606994 	1192.374590 	1310.264885 	1761.518091 	
0.100000 	0.100000 	759.018985 	262.327134 	
1508.073822 	1223.898577 	2366.389570 	1598.392183 	
1433.819319 	1280.636042 	2147.381139 	1887.085473 	
809.535872 	1333.911560 	1729.050676 	1156.587255 	
1210.118499 	264.367754 	2117.734616 	33.750391 	
1407.275786 	1091.562306 	2257.419844 	1484.253615 	
461.548745 	263.092842 	1361.127328 	2.881853 	
1773.263253 	1753.033563 	2381.437315 	2465.126040 	
963.527910 	1326.239883 	1843.291942 	1647.124025 	
1925.299458 	0.160438 	0.950000 	
1925.299458 	0.160438 	0.950000 	
1925.299458 	0.160438 	0.950000 	
1925.299458 	0.160438 	0.950000 	
1925.299458 	0.160438 	0.950000 	
1925.299458 	0.160438 	0.950000 	
1925.299458 	0.160438 	0.950000 	
1925.299458 	0.160438 	0.950000 	
1925.299458 	0.160438 	0.950000 	
1925.299458 	0.160438 	0.950000 	
1925.299458 	0.160438 	0.950000 	
1925.299458 	0.160438 	0.950000 	
1925.299458 	0.160438 	0.950000 	
1925.299458 	0.160438 	0.950000 	
1925.299458 	0.160438 	0.950000 	
1925.299458 	0.160438 	0.950000 	
1925.299458 	0.160438 	0.950000 	
1925.299458 	0.160438 	0.950000 	
1925.299458 	0.160438 	0.950000 	
1925.299458 	0.160438 	0.950000 	
1925.299458 	0.160438 	0.950000 	
