28
59.474286 	1343.427472 	960.257520 	1068.752722 	
217.764633 	1018.693898 	1151.979997 	1137.430187 	
1659.767381 	1464.974930 	2413.807746 	2029.137832 	
1037.700536 	1806.161107 	1949.123873 	1569.171334 	
591.820993 	0.100000 	1500.828516 	140.224194 	
548.983563 	0.100000 	1375.373955 	423.270440 	
1110.993526 	1338.537788 	1975.298842 	964.595314 	
1253.935145 	1854.165784 	2178.429757 	2033.515623 	
1272.074195 	2206.055481 	2154.730184 	1877.764365 	
1703.643531 	1665.739187 	2499.900000 	1491.201034 	
0.100000 	1033.955603 	796.757636 	790.424944 	
636.977554 	2310.972852 	1560.467132 	2126.517837 	
0.100000 	684.292721 	735.440456 	570.341411 	
1211.946308 	317.276870 	2103.274442 	13.318302 	
1355.180372 	1932.884988 	2268.389097 	1702.870907 	
917.895301 	1824.968722 	1841.465640 	2009.018941 	
0.100000 	1958.643704 	669.748925 	2499.900000 	
0.100000 	2185.042769 	652.298761 	1649.084426 	
1759.756069 	2417.409795 	2499.900000 	2317.007449 	
186.660425 	1276.349078 	1119.928188 	1402.317068 	
1434.303430 	2310.427536 	2359.049486 	2488.476361 	
533.604848 	2273.392210 	1410.196228 	2499.900000 	
702.266884 	1280.973513 	1642.745042 	1329.527455 	
105.159490 	2410.956649 	835.020696 	1815.843825 	
1357.754750 	2123.001852 	2267.291867 	2367.130682 	
715.007437 	2165.417250 	1598.766809 	2490.726372 	
384.252602 	1244.886205 	1304.157201 	1043.311950 	
499.590626 	1956.460389 	1434.010881 	1839.347453 	
1967.157814 	0.131297 	0.950000 	
1967.157814 	0.131297 	0.950000 	
1967.157814 	0.131297 	0.950000 	
1967.157814 	0.131297 	0.950000 	
1967.157814 	0.131297 	0.950000 	
1967.157814 	0.131297 	0.950000 	
1967.157814 	0.131297 	0.950000 	
1967.157814 	0.131297 	0.950000 	
1967.157814 	0.131297 	0.950000 	
1967.157814 	0.131297 	0.950000 	
1967.157814 	0.131297 	0.950000 	
1967.157814 	0.131297 	0.950000 	
1967.157814 	0.131297 	0.950000 	
1967.157814 	0.131297 	0.950000 	
1967.157814 	0.131297 	0.950000 	
1967.157814 	0.131297 	0.950000 	
1967.157814 	0.131297 	0.950000 	
1967.157814 	0.131297 	0.950000 	
1967.157814 	0.131297 	0.950000 	
1967.157814 	0.131297 	0.950000 	
1967.157814 	0.131297 	0.950000 	
1967.157814 	0.131297 	0.950000 	
1967.157814 	0.131297 	0.950000 	
1967.157814 	0.131297 	0.950000 	
1967.157814 	0.131297 	0.950000 	
1967.157814 	0.131297 	0.950000 	
1967.157814 	0.131297 	0.950000 	
1967.157814 	0.131297 	0.950000 	
