23
0.100000 	784.047495 	894.547578 	993.577382 	
1435.192037 	163.604456 	2348.786150 	730.538899 	
71.661046 	2499.900000 	1146.427895 	2475.687892 	
0.100000 	2328.227208 	852.942475 	2467.410587 	
1255.554281 	413.265549 	2329.752574 	366.715636 	
828.509939 	2499.900000 	1833.594538 	2131.372010 	
401.846336 	1227.740751 	1424.313487 	895.130183 	
930.406327 	807.541047 	1882.460098 	307.878678 	
1422.582796 	376.454269 	2495.446891 	305.521194 	
1126.347252 	300.833251 	1943.153085 	1000.045019 	
554.866450 	1311.892339 	1625.547679 	1410.434576 	
910.404900 	0.100000 	1773.246644 	526.290754 	
110.075612 	1680.997960 	1119.115302 	1309.638607 	
195.253831 	177.739474 	1249.843077 	0.100000 	
243.160021 	798.788518 	1078.494646 	1475.755970 	
306.523005 	1104.719644 	1232.222246 	557.773777 	
1666.597733 	2499.900000 	2499.900000 	2095.803292 	
1152.493219 	378.116960 	1913.788212 	1137.392140 	
1410.208081 	867.843719 	2406.045387 	1273.277963 	
492.212831 	1602.998573 	1562.835944 	1702.170226 	
49.389194 	939.282101 	1124.259677 	966.157959 	
1243.400368 	112.372173 	2217.070594 	568.480885 	
1475.410971 	105.812275 	2499.900000 	377.320840 	
2287.237126 	0.175717 	0.950000 	
2287.237126 	0.175717 	0.950000 	
2287.237126 	0.175717 	0.950000 	
2287.237126 	0.175717 	0.950000 	
2287.237126 	0.175717 	0.950000 	
2287.237126 	0.175717 	0.950000 	
2287.237126 	0.175717 	0.950000 	
2287.237126 	0.175717 	0.950000 	
2287.237126 	0.175717 	0.950000 	
2287.237126 	0.175717 	0.950000 	
2287.237126 	0.175717 	0.950000 	
2287.237126 	0.175717 	0.950000 	
2287.237126 	0.175717 	0.950000 	
2287.237126 	0.175717 	0.950000 	
2287.237126 	0.175717 	0.950000 	
2287.237126 	0.175717 	0.950000 	
2287.237126 	0.175717 	0.950000 	
2287.237126 	0.175717 	0.950000 	
2287.237126 	0.175717 	0.950000 	
2287.237126 	0.175717 	0.950000 	
2287.237126 	0.175717 	0.950000 	
2287.237126 	0.175717 	0.950000 	
2287.237126 	0.175717 	0.950000 	
