26
0.100000 	2034.095479 	892.772797 	1799.592309 	
1090.896386 	588.781318 	2105.083303 	251.651975 	
671.797438 	1262.126314 	1737.958909 	1336.497104 	
327.155348 	1590.316145 	1395.027862 	1546.961901 	
781.682370 	1970.723081 	1783.649559 	1598.845348 	
1155.469012 	929.992068 	2172.643987 	601.988459 	
1354.777443 	546.925550 	2399.666491 	771.509997 	
358.414325 	2181.302191 	1404.819035 	2398.715345 	
342.218815 	1602.769977 	1402.989910 	1472.401342 	
433.452884 	62.600616 	1446.454600 	403.274684 	
1053.271492 	1642.446791 	2111.948081 	1496.039220 	
1438.316752 	504.299871 	2499.900000 	455.840243 	
1300.787767 	1693.322083 	2246.329250 	2191.501367 	
1479.265614 	2273.706132 	2499.900000 	2048.796395 	
1621.037444 	1218.134900 	2363.904545 	449.773159 	
128.204041 	597.604069 	1062.957571 	79.465928 	
1419.553619 	1852.766190 	2481.342310 	1974.569602 	
1636.718203 	841.763942 	2499.900000 	751.304725 	
1538.758897 	159.538612 	2042.069060 	1102.358943 	
1546.061230 	782.089958 	2454.000172 	218.283099 	
0.100000 	223.622110 	916.754459 	121.427152 	
1009.275078 	1371.330620 	2077.893786 	1388.223056 	
439.717265 	1284.042553 	1356.669096 	735.015563 	
1043.591533 	1655.541507 	2017.796117 	2095.037497 	
1497.767773 	1064.056704 	2499.900000 	1371.860808 	
558.017498 	657.645800 	1436.533204 	1266.284814 	
1289.966339 	0.130659 	0.950000 	
1289.966339 	0.130659 	0.950000 	
1289.966339 	0.130659 	0.950000 	
1289.966339 	0.130659 	0.950000 	
1289.966339 	0.130659 	0.950000 	
1289.966339 	0.130659 	0.950000 	
1289.966339 	0.130659 	0.950000 	
1289.966339 	0.130659 	0.950000 	
1289.966339 	0.130659 	0.950000 	
1289.966339 	0.130659 	0.950000 	
1289.966339 	0.130659 	0.950000 	
1289.966339 	0.130659 	0.950000 	
1289.966339 	0.130659 	0.950000 	
1289.966339 	0.130659 	0.950000 	
1289.966339 	0.130659 	0.950000 	
1289.966339 	0.130659 	0.950000 	
1289.966339 	0.130659 	0.950000 	
1289.966339 	0.130659 	0.950000 	
1289.966339 	0.130659 	0.950000 	
1289.966339 	0.130659 	0.950000 	
1289.966339 	0.130659 	0.950000 	
1289.966339 	0.130659 	0.950000 	
1289.966339 	0.130659 	0.950000 	
1289.966339 	0.130659 	0.950000 	
1289.966339 	0.130659 	0.950000 	
1289.966339 	0.130659 	0.950000 	
