22
80.219042 	2269.734034 	1019.027878 	2358.787926 	
1216.872745 	2046.371517 	2069.605174 	2449.037671 	
51.708367 	1480.815531 	964.343805 	1243.351461 	
1670.658516 	2236.635233 	2499.900000 	2268.984517 	
1645.172412 	0.100000 	2400.474985 	411.883372 	
830.696864 	2164.480276 	1729.321587 	1878.532318 	
1181.426410 	1036.409685 	2036.208574 	638.113212 	
1763.411207 	402.685077 	2499.900000 	740.730510 	
29.429203 	2060.353412 	972.412223 	2051.655626 	
1326.338728 	1068.103492 	2182.633477 	673.069403 	
1461.334000 	575.781529 	2346.873638 	251.571448 	
1345.701595 	6.415454 	2280.019713 	134.252386 	
162.432318 	2343.151046 	1101.098349 	2433.697781 	
640.257911 	1765.619162 	1574.307451 	1635.834397 	
0.100000 	2109.049223 	748.518776 	2193.761350 	
440.594667 	2244.075932 	1360.547287 	2451.391645 	
67.185283 	1833.981490 	971.622832 	1566.988332 	
683.235797 	2352.611328 	1618.834051 	2234.507415 	
942.053619 	774.282218 	1847.046102 	509.176137 	
1426.313857 	1977.239094 	2241.779271 	2450.851578 	
676.167957 	2499.900000 	1502.778483 	2073.166638 	
935.152714 	470.903044 	1694.993464 	1029.414156 	
1999.593695 	0.169151 	0.950000 	
1999.593695 	0.169151 	0.950000 	
1999.593695 	0.169151 	0.950000 	
1999.593695 	0.169151 	0.950000 	
1999.593695 	0.169151 	0.950000 	
1999.593695 	0.169151 	0.950000 	
1999.593695 	0.169151 	0.950000 	
1999.593695 	0.169151 	0.950000 	
1999.593695 	0.169151 	0.950000 	
1999.593695 	0.169151 	0.950000 	
1999.593695 	0.169151 	0.950000 	
1999.593695 	0.169151 	0.950000 	
1999.593695 	0.169151 	0.950000 	
1999.593695 	0.169151 	0.950000 	
1999.593695 	0.169151 	0.950000 	
1999.593695 	0.169151 	0.950000 	
1999.593695 	0.169151 	0.950000 	
1999.593695 	0.169151 	0.950000 	
1999.593695 	0.169151 	0.950000 	
1999.593695 	0.169151 	0.950000 	
1999.593695 	0.169151 	0.950000 	
1999.593695 	0.169151 	0.950000 	
