22
655.598894 	935.645175 	1505.430663 	1111.853698 	
466.018877 	1066.572218 	1325.430390 	945.430444 	
1517.787103 	2018.418766 	2367.227135 	1840.331400 	
1822.594763 	912.275323 	2469.206516 	333.348109 	
1438.524206 	2499.900000 	1978.358103 	1824.557561 	
1187.770088 	1646.502349 	2047.628811 	1764.427985 	
1105.637523 	2367.142787 	1960.010100 	2499.900000 	
452.584113 	527.992807 	1310.946289 	399.626721 	
1293.757267 	433.381663 	2134.829827 	647.532140 	
134.695409 	728.468824 	995.898229 	836.140466 	
1398.942953 	2104.813535 	2141.339812 	1655.246653 	
49.391986 	1120.664940 	818.247626 	718.018094 	
1796.910253 	1317.586212 	2499.900000 	1704.693805 	
1040.983371 	880.933237 	1894.882023 	1036.241220 	
1609.332857 	1430.289918 	2470.476904 	1322.149228 	
240.429149 	1136.869371 	1036.156973 	790.342737 	
1794.399713 	1619.576029 	2499.900000 	1707.599137 	
300.692234 	0.100000 	1164.567212 	78.569082 	
372.697339 	2321.335288 	1020.986484 	1744.287056 	
649.458953 	717.586630 	1458.532814 	1031.693244 	
1377.983903 	1778.376448 	2245.641559 	1799.201178 	
1498.206939 	2340.409093 	2358.641112 	2454.059926 	
2329.446776 	0.166719 	0.950000 	
2329.446776 	0.166719 	0.950000 	
2329.446776 	0.166719 	0.950000 	
2329.446776 	0.166719 	0.950000 	
2329.446776 	0.166719 	0.950000 	
2329.446776 	0.166719 	0.950000 	
2329.446776 	0.166719 	0.950000 	
2329.446776 	0.166719 	0.950000 	
2329.446776 	0.166719 	0.950000 	
2329.446776 	0.166719 	0.950000 	
2329.446776 	0.166719 	0.950000 	
2329.446776 	0.166719 	0.950000 	
2329.446776 	0.166719 	0.950000 	
2329.446776 	0.166719 	0.950000 	
2329.446776 	0.166719 	0.950000 	
2329.446776 	0.166719 	0.950000 	
2329.446776 	0.166719 	0.950000 	
2329.446776 	0.166719 	0.950000 	
2329.446776 	0.166719 	0.950000 	
2329.446776 	0.166719 	0.950000 	
2329.446776 	0.166719 	0.950000 	
2329.446776 	0.166719 	0.950000 	
