23
0.100000 	840.860285 	881.905676 	1017.756255 	
837.636742 	2258.810432 	1706.788742 	1882.265918 	
534.442781 	591.298269 	1432.890851 	291.294876 	
1255.726333 	304.996039 	2202.191687 	342.603266 	
868.139503 	2004.138417 	1730.821153 	2395.279495 	
1505.577102 	425.420729 	2212.506408 	0.100000 	
1523.659588 	1409.252453 	2243.985128 	2024.347639 	
183.233758 	1994.576095 	1074.652169 	1674.288430 	
39.019787 	973.757606 	955.754040 	1212.104581 	
1458.048334 	759.874321 	2325.937582 	1139.320263 	
1114.691401 	2213.991785 	1936.899079 	2499.900000 	
0.100000 	1093.043818 	746.104863 	901.923295 	
1568.324740 	1095.945146 	2499.900000 	1104.989425 	
808.106407 	422.197012 	1753.393821 	361.842425 	
878.770472 	926.670368 	1799.317281 	703.501052 	
991.971740 	734.716801 	1933.797093 	835.592842 	
1301.955704 	2169.769774 	2239.789168 	2302.733545 	
1491.613245 	682.876818 	2429.774243 	552.244078 	
542.770412 	752.091704 	1488.703381 	801.303376 	
183.609988 	611.375817 	654.986766 	1432.968723 	
1244.142583 	1771.434407 	2191.350612 	1768.620063 	
458.677849 	228.694947 	1369.279481 	489.493028 	
1463.684267 	2263.858148 	2395.313872 	2092.752185 	
1930.842587 	0.161291 	0.950000 	
1930.842587 	0.161291 	0.950000 	
1930.842587 	0.161291 	0.950000 	
1930.842587 	0.161291 	0.950000 	
1930.842587 	0.161291 	0.950000 	
1930.842587 	0.161291 	0.950000 	
1930.842587 	0.161291 	0.950000 	
1930.842587 	0.161291 	0.950000 	
1930.842587 	0.161291 	0.950000 	
1930.842587 	0.161291 	0.950000 	
1930.842587 	0.161291 	0.950000 	
1930.842587 	0.161291 	0.950000 	
1930.842587 	0.161291 	0.950000 	
1930.842587 	0.161291 	0.950000 	
1930.842587 	0.161291 	0.950000 	
1930.842587 	0.161291 	0.950000 	
1930.842587 	0.161291 	0.950000 	
1930.842587 	0.161291 	0.950000 	
1930.842587 	0.161291 	0.950000 	
1930.842587 	0.161291 	0.950000 	
1930.842587 	0.161291 	0.950000 	
1930.842587 	0.161291 	0.950000 	
1930.842587 	0.161291 	0.950000 	
