26
26.286194 	2126.044601 	998.724012 	1993.809835 	
1567.984870 	2314.702164 	2477.581014 	1946.251083 	
1233.258923 	841.128202 	1964.970779 	1495.130575 	
1433.246264 	2367.247707 	2407.392288 	2486.247159 	
1081.305430 	2196.779261 	2044.646309 	2009.440814 	
1745.296526 	328.615427 	2499.900000 	64.125605 	
1720.116725 	628.728901 	2499.900000 	559.265538 	
318.124860 	1811.548686 	1182.487194 	2276.305720 	
1140.222436 	679.971266 	1858.060378 	1349.172308 	
1215.819094 	1160.540704 	2197.150598 	1171.020399 	
762.533437 	2296.920245 	1730.147824 	2460.760845 	
1462.913816 	2350.369813 	2436.399363 	2474.656716 	
240.476171 	2209.214703 	1023.196643 	1617.209630 	
8.338819 	1409.305237 	988.236330 	1463.362714 	
0.100000 	2385.172224 	736.919467 	2194.452904 	
72.119106 	1320.623595 	1039.692054 	1156.538449 	
828.488922 	444.086664 	1808.154377 	385.975221 	
1064.226645 	1259.870045 	1478.307776 	370.118304 	
550.011132 	880.678120 	1490.852387 	601.502410 	
401.977340 	1252.159715 	1340.408475 	1539.332743 	
0.100000 	145.424562 	747.252672 	191.959453 	
1399.827027 	271.178371 	2361.142754 	73.710860 	
1040.532533 	482.447198 	2013.141300 	351.475714 	
699.458265 	2499.900000 	1593.899258 	2166.669523 	
265.764465 	2160.430845 	1210.578616 	1895.011243 	
1378.880120 	1887.500957 	2334.660224 	1664.777508 	
2117.592124 	0.149579 	0.950000 	
2117.592124 	0.149579 	0.950000 	
2117.592124 	0.149579 	0.950000 	
2117.592124 	0.149579 	0.950000 	
2117.592124 	0.149579 	0.950000 	
2117.592124 	0.149579 	0.950000 	
2117.592124 	0.149579 	0.950000 	
2117.592124 	0.149579 	0.950000 	
2117.592124 	0.149579 	0.950000 	
2117.592124 	0.149579 	0.950000 	
2117.592124 	0.149579 	0.950000 	
2117.592124 	0.149579 	0.950000 	
2117.592124 	0.149579 	0.950000 	
2117.592124 	0.149579 	0.950000 	
2117.592124 	0.149579 	0.950000 	
2117.592124 	0.149579 	0.950000 	
2117.592124 	0.149579 	0.950000 	
2117.592124 	0.149579 	0.950000 	
2117.592124 	0.149579 	0.950000 	
2117.592124 	0.149579 	0.950000 	
2117.592124 	0.149579 	0.950000 	
2117.592124 	0.149579 	0.950000 	
2117.592124 	0.149579 	0.950000 	
2117.592124 	0.149579 	0.950000 	
2117.592124 	0.149579 	0.950000 	
2117.592124 	0.149579 	0.950000 	
