25
891.960308 	872.488570 	1718.759969 	1548.993986 	
675.892700 	2079.565401 	1742.200841 	2144.712972 	
1380.350967 	772.922473 	2325.039455 	274.102947 	
357.747806 	1786.010252 	1053.623937 	975.446456 	
716.612099 	1644.444128 	1775.765065 	1504.972797 	
1538.389616 	0.100000 	2499.900000 	227.699083 	
869.318267 	1470.376526 	1929.326610 	1603.190570 	
1413.238546 	819.650914 	2467.474194 	992.406398 	
1206.789911 	243.847172 	2247.771257 	3.815723 	
888.679688 	1193.735322 	1955.268455 	1254.114624 	
316.150932 	801.765520 	1170.787172 	160.786460 	
1072.302853 	464.788524 	2093.362016 	150.630214 	
0.100000 	682.540865 	923.738790 	344.929989 	
978.857926 	258.024494 	2024.981215 	474.550059 	
1037.749160 	475.650628 	2106.029072 	469.710244 	
1229.412066 	340.781251 	2189.595355 	0.100000 	
1497.359755 	1589.992729 	2499.900000 	1585.996855 	
1699.936657 	847.598323 	2499.900000 	561.735957 	
1272.112379 	1484.746006 	2304.003962 	1208.237385 	
909.206697 	1560.103081 	1916.579255 	1915.712116 	
1573.007641 	1224.007094 	2499.900000 	1271.572974 	
882.555156 	1256.282649 	1937.806307 	1422.722630 	
0.100000 	931.238389 	786.252975 	1294.677437 	
0.100000 	272.051498 	1024.529659 	347.609890 	
1453.722129 	1111.245311 	2497.120746 	1340.541156 	
2234.121732 	0.159517 	0.950000 	
2234.121732 	0.159517 	0.950000 	
2234.121732 	0.159517 	0.950000 	
2234.121732 	0.159517 	0.950000 	
2234.121732 	0.159517 	0.950000 	
2234.121732 	0.159517 	0.950000 	
2234.121732 	0.159517 	0.950000 	
2234.121732 	0.159517 	0.950000 	
2234.121732 	0.159517 	0.950000 	
2234.121732 	0.159517 	0.950000 	
2234.121732 	0.159517 	0.950000 	
2234.121732 	0.159517 	0.950000 	
2234.121732 	0.159517 	0.950000 	
2234.121732 	0.159517 	0.950000 	
2234.121732 	0.159517 	0.950000 	
2234.121732 	0.159517 	0.950000 	
2234.121732 	0.159517 	0.950000 	
2234.121732 	0.159517 	0.950000 	
2234.121732 	0.159517 	0.950000 	
2234.121732 	0.159517 	0.950000 	
2234.121732 	0.159517 	0.950000 	
2234.121732 	0.159517 	0.950000 	
2234.121732 	0.159517 	0.950000 	
2234.121732 	0.159517 	0.950000 	
2234.121732 	0.159517 	0.950000 	
