21
1011.033014 	235.521309 	2030.926730 	589.488000 	
1300.767361 	961.173826 	2319.615569 	1318.138725 	
845.062818 	628.140461 	1923.809891 	585.946116 	
267.744438 	0.100000 	999.302230 	401.761932 	
1537.338656 	1413.545453 	2499.900000 	1663.168930 	
754.939615 	1526.649836 	1804.486056 	1779.489467 	
1708.188893 	1645.940113 	2499.900000 	1655.742027 	
489.275264 	1540.719156 	1520.039398 	1861.656706 	
145.241072 	2281.858199 	1179.206840 	1971.390165 	
1170.493403 	113.695483 	2249.293408 	72.876859 	
377.788125 	1907.570771 	1375.954568 	1496.305209 	
7.253691 	1678.787608 	963.070012 	1176.900398 	
1621.983106 	2082.130693 	2432.439266 	1368.943184 	
1198.276501 	1923.397806 	2074.215092 	2499.900000 	
1752.917383 	1053.585780 	2499.900000 	280.725683 	
759.427963 	0.100000 	1409.241306 	602.437048 	
1365.870763 	624.465613 	2397.212637 	943.541700 	
1495.565077 	2371.427537 	2223.805669 	1574.470042 	
431.362322 	1264.998075 	1510.254786 	1226.701040 	
1570.100966 	908.775099 	2499.900000 	1276.388605 	
306.448370 	565.160844 	1346.814960 	276.867648 	
1792.450563 	0.151964 	0.950000 	
1792.450563 	0.151964 	0.950000 	
1792.450563 	0.151964 	0.950000 	
1792.450563 	0.151964 	0.950000 	
1792.450563 	0.151964 	0.950000 	
1792.450563 	0.151964 	0.950000 	
1792.450563 	0.151964 	0.950000 	
1792.450563 	0.151964 	0.950000 	
1792.450563 	0.151964 	0.950000 	
1792.450563 	0.151964 	0.950000 	
1792.450563 	0.151964 	0.950000 	
1792.450563 	0.151964 	0.950000 	
1792.450563 	0.151964 	0.950000 	
1792.450563 	0.151964 	0.950000 	
1792.450563 	0.151964 	0.950000 	
1792.450563 	0.151964 	0.950000 	
1792.450563 	0.151964 	0.950000 	
1792.450563 	0.151964 	0.950000 	
1792.450563 	0.151964 	0.950000 	
1792.450563 	0.151964 	0.950000 	
1792.450563 	0.151964 	0.950000 	
