28
913.473355 	1761.272280 	1981.999056 	1843.006074 	
19.025994 	133.446748 	1076.480887 	0.100000 	
1518.903361 	1611.764056 	2499.900000 	1762.118280 	
615.017800 	1088.650437 	1686.556522 	1103.893684 	
131.004851 	1171.013279 	1191.684506 	1018.087617 	
1637.924683 	0.100000 	2460.679279 	635.922233 	
1241.369111 	1990.203085 	2308.973047 	2083.205362 	
1758.753296 	341.544761 	2271.191933 	1282.732432 	
287.696717 	677.748244 	1352.104155 	553.392327 	
1073.730685 	739.014840 	2119.173261 	974.551265 	
1142.930064 	627.246982 	2014.189554 	1251.213719 	
239.198642 	895.906149 	752.061333 	1836.862816 	
532.616034 	1341.076353 	1596.657658 	1468.524419 	
290.345717 	1153.183489 	1310.802089 	825.927654 	
1173.961224 	829.072311 	2192.717739 	1161.582087 	
351.325379 	1553.878692 	1282.212147 	1022.957404 	
1509.669461 	1701.337275 	2499.900000 	1586.315436 	
1370.385002 	2320.191070 	2435.930568 	2434.384921 	
583.314548 	1510.013838 	1476.791504 	2101.728733 	
793.073080 	713.598763 	1698.538691 	1286.799963 	
1103.818200 	2085.477633 	2175.402570 	2073.879064 	
1417.798039 	145.672116 	2419.677965 	526.019593 	
937.694774 	218.590719 	2000.823985 	83.743141 	
881.607918 	73.062970 	1917.340726 	348.172292 	
510.808569 	43.671805 	1293.360115 	775.819786 	
628.040578 	777.585677 	1697.657825 	843.513924 	
1145.494961 	817.408346 	2209.687372 	691.225540 	
1493.283648 	133.743646 	2499.900000 	0.100000 	
2267.457745 	0.192514 	0.950000 	
2267.457745 	0.192514 	0.950000 	
2267.457745 	0.192514 	0.950000 	
2267.457745 	0.192514 	0.950000 	
2267.457745 	0.192514 	0.950000 	
2267.457745 	0.192514 	0.950000 	
2267.457745 	0.192514 	0.950000 	
2267.457745 	0.192514 	0.950000 	
2267.457745 	0.192514 	0.950000 	
2267.457745 	0.192514 	0.950000 	
2267.457745 	0.192514 	0.950000 	
2267.457745 	0.192514 	0.950000 	
2267.457745 	0.192514 	0.950000 	
2267.457745 	0.192514 	0.950000 	
2267.457745 	0.192514 	0.950000 	
2267.457745 	0.192514 	0.950000 	
2267.457745 	0.192514 	0.950000 	
2267.457745 	0.192514 	0.950000 	
2267.457745 	0.192514 	0.950000 	
2267.457745 	0.192514 	0.950000 	
2267.457745 	0.192514 	0.950000 	
2267.457745 	0.192514 	0.950000 	
2267.457745 	0.192514 	0.950000 	
2267.457745 	0.192514 	0.950000 	
2267.457745 	0.192514 	0.950000 	
2267.457745 	0.192514 	0.950000 	
2267.457745 	0.192514 	0.950000 	
2267.457745 	0.192514 	0.950000 	
