25
680.875209 	52.205939 	1590.086326 	84.788317 	
1389.007150 	2499.900000 	2270.378324 	2350.131816 	
1623.939769 	1388.709064 	2499.900000 	1307.945672 	
864.911342 	989.281215 	1768.106098 	879.893369 	
1465.658529 	1536.881145 	2250.647248 	1996.793286 	
966.510856 	2499.900000 	1784.130571 	2169.013732 	
1298.341916 	992.436986 	2205.163891 	918.949759 	
0.100000 	1547.291116 	684.049347 	1917.251659 	
754.876994 	1430.301921 	1652.262413 	1580.054641 	
336.669738 	2126.676676 	1164.648368 	1749.611885 	
432.826922 	1340.178528 	1298.846111 	1618.992501 	
1961.911899 	1337.505806 	2405.884519 	543.393232 	
221.195717 	2214.070390 	1114.021726 	2039.175608 	
919.575831 	301.638563 	1662.329180 	827.037391 	
254.882051 	1903.919345 	1147.302467 	2080.872076 	
951.301751 	2353.057962 	1817.489744 	2499.900000 	
1791.732710 	719.878291 	2499.900000 	686.675811 	
63.894555 	1843.621364 	963.566791 	1708.283511 	
1721.337363 	1538.829886 	2499.900000 	1784.380450 	
218.530362 	677.971574 	776.979684 	1396.206092 	
170.103471 	1293.532250 	1074.849352 	1197.817261 	
1158.637955 	2129.510898 	1927.372887 	2499.900000 	
61.604309 	2478.575438 	951.072001 	2287.332941 	
0.100000 	1908.770646 	861.066165 	1755.845912 	
1128.329009 	846.715170 	2008.579208 	1076.684853 	
2188.455132 	0.116335 	0.950000 	
2188.455132 	0.116335 	0.950000 	
2188.455132 	0.116335 	0.950000 	
2188.455132 	0.116335 	0.950000 	
2188.455132 	0.116335 	0.950000 	
2188.455132 	0.116335 	0.950000 	
2188.455132 	0.116335 	0.950000 	
2188.455132 	0.116335 	0.950000 	
2188.455132 	0.116335 	0.950000 	
2188.455132 	0.116335 	0.950000 	
2188.455132 	0.116335 	0.950000 	
2188.455132 	0.116335 	0.950000 	
2188.455132 	0.116335 	0.950000 	
2188.455132 	0.116335 	0.950000 	
2188.455132 	0.116335 	0.950000 	
2188.455132 	0.116335 	0.950000 	
2188.455132 	0.116335 	0.950000 	
2188.455132 	0.116335 	0.950000 	
2188.455132 	0.116335 	0.950000 	
2188.455132 	0.116335 	0.950000 	
2188.455132 	0.116335 	0.950000 	
2188.455132 	0.116335 	0.950000 	
2188.455132 	0.116335 	0.950000 	
2188.455132 	0.116335 	0.950000 	
2188.455132 	0.116335 	0.950000 	
