26
1480.746053 	1642.858973 	2418.142164 	1868.324191 	
337.413896 	1064.790487 	1267.967369 	812.567827 	
1056.481990 	2499.900000 	1932.812471 	2233.270389 	
947.318165 	2481.332249 	1906.128573 	2380.195530 	
1696.165077 	1573.961521 	2499.900000 	1644.528726 	
0.100000 	1974.382263 	870.646158 	2326.112121 	
791.975412 	1151.966674 	1710.020154 	857.450316 	
819.992694 	1671.918769 	1766.366012 	1487.735221 	
241.398685 	2019.593335 	619.265323 	2499.900000 	
1591.604141 	1515.382253 	2499.900000 	1282.004777 	
1667.406996 	2003.941894 	2370.148758 	2499.900000 	
679.846893 	1623.195907 	1576.111774 	1978.520123 	
1342.899524 	1314.849578 	2283.990928 	1105.343006 	
65.287176 	1617.743420 	1028.572915 	1577.412044 	
1009.286764 	2259.775122 	1969.976945 	2178.409208 	
297.491824 	407.722841 	1245.002893 	585.960910 	
726.923562 	742.106163 	1555.701284 	1234.725207 	
1552.249670 	2499.900000 	2323.748376 	2191.329374 	
304.729612 	661.846233 	980.090063 	1349.911852 	
397.950492 	1502.179435 	1317.455999 	1792.102971 	
745.680143 	2356.478160 	1687.498128 	2150.262455 	
444.149350 	2499.900000 	1407.098826 	2464.609417 	
1368.238944 	1576.326439 	2325.704374 	1689.489967 	
1746.167112 	215.150283 	2499.900000 	327.031856 	
138.639498 	0.100000 	997.550721 	309.269977 	
285.200082 	1345.097922 	1162.319051 	1745.358273 	
1974.014474 	0.164675 	0.950000 	
1974.014474 	0.164675 	0.950000 	
1974.014474 	0.164675 	0.950000 	
1974.014474 	0.164675 	0.950000 	
1974.014474 	0.164675 	0.950000 	
1974.014474 	0.164675 	0.950000 	
1974.014474 	0.164675 	0.950000 	
1974.014474 	0.164675 	0.950000 	
1974.014474 	0.164675 	0.950000 	
1974.014474 	0.164675 	0.950000 	
1974.014474 	0.164675 	0.950000 	
1974.014474 	0.164675 	0.950000 	
1974.014474 	0.164675 	0.950000 	
1974.014474 	0.164675 	0.950000 	
1974.014474 	0.164675 	0.950000 	
1974.014474 	0.164675 	0.950000 	
1974.014474 	0.164675 	0.950000 	
1974.014474 	0.164675 	0.950000 	
1974.014474 	0.164675 	0.950000 	
1974.014474 	0.164675 	0.950000 	
1974.014474 	0.164675 	0.950000 	
1974.014474 	0.164675 	0.950000 	
1974.014474 	0.164675 	0.950000 	
1974.014474 	0.164675 	0.950000 	
1974.014474 	0.164675 	0.950000 	
1974.014474 	0.164675 	0.950000 	
