26
204.464448 	750.605680 	1220.508275 	382.222273 	
1548.760431 	132.389325 	2499.900000 	373.943841 	
1069.891896 	2160.595120 	2135.579153 	1980.700533 	
1245.010994 	1352.512818 	2155.252951 	769.837115 	
1120.244241 	1616.057086 	2122.914061 	2019.423699 	
1533.777826 	1899.011820 	2153.097807 	2499.900000 	
795.245863 	908.089926 	1823.262070 	574.572205 	
1218.906942 	777.076519 	2299.649511 	783.924273 	
778.779677 	1122.815922 	1735.437089 	1625.665790 	
1702.216065 	1782.785419 	2425.945286 	980.122721 	
103.879615 	1971.535651 	890.561331 	1230.466646 	
1416.600353 	1543.873525 	2492.300518 	1439.372098 	
104.802370 	186.831162 	1095.380564 	619.042030 	
1649.635838 	519.937662 	1907.028080 	1569.604575 	
1004.180330 	407.898067 	1333.149134 	1437.378965 	
964.235675 	0.100000 	1960.019054 	410.701360 	
454.730989 	456.160437 	1501.427123 	725.378930 	
527.095811 	2499.900000 	1580.684468 	2365.431098 	
1296.825471 	2499.900000 	2123.473137 	1925.155850 	
1620.272091 	1997.693129 	2499.900000 	1956.241234 	
1468.539140 	300.066047 	2499.900000 	375.665235 	
929.480313 	1355.089766 	2009.446877 	1396.606190 	
1755.582308 	0.100000 	2499.900000 	461.943583 	
978.410964 	1667.755960 	2058.141627 	1715.011521 	
1367.572290 	1737.768069 	2241.485786 	2373.634875 	
1531.147610 	2117.566636 	2499.900000 	2439.443874 	
1718.974098 	0.165883 	0.950000 	
1718.974098 	0.165883 	0.950000 	
1718.974098 	0.165883 	0.950000 	
1718.974098 	0.165883 	0.950000 	
1718.974098 	0.165883 	0.950000 	
1718.974098 	0.165883 	0.950000 	
1718.974098 	0.165883 	0.950000 	
1718.974098 	0.165883 	0.950000 	
1718.974098 	0.165883 	0.950000 	
1718.974098 	0.165883 	0.950000 	
1718.974098 	0.165883 	0.950000 	
1718.974098 	0.165883 	0.950000 	
1718.974098 	0.165883 	0.950000 	
1718.974098 	0.165883 	0.950000 	
1718.974098 	0.165883 	0.950000 	
1718.974098 	0.165883 	0.950000 	
1718.974098 	0.165883 	0.950000 	
1718.974098 	0.165883 	0.950000 	
1718.974098 	0.165883 	0.950000 	
1718.974098 	0.165883 	0.950000 	
1718.974098 	0.165883 	0.950000 	
1718.974098 	0.165883 	0.950000 	
1718.974098 	0.165883 	0.950000 	
1718.974098 	0.165883 	0.950000 	
1718.974098 	0.165883 	0.950000 	
1718.974098 	0.165883 	0.950000 	
