26
865.080224 	1544.163527 	1499.727111 	2160.362987 	
524.767375 	1034.956439 	1277.845724 	1499.016181 	
1076.512699 	414.066657 	1944.307801 	585.560409 	
268.543228 	1053.599864 	1152.653427 	1082.367892 	
1046.764261 	674.404313 	1772.775632 	169.047080 	
1127.220540 	1583.740284 	1785.404742 	2174.732671 	
1008.081594 	897.609235 	1891.434790 	944.144973 	
783.604632 	2499.900000 	1510.106890 	2102.218849 	
0.100000 	0.100000 	756.749081 	117.824064 	
835.702043 	2054.762885 	1719.557298 	2090.516659 	
634.218578 	1664.712704 	1496.702069 	1468.242170 	
32.067999 	1261.762149 	900.116147 	1431.970427 	
744.423904 	1747.579653 	1595.078612 	1504.958524 	
770.014188 	2039.924544 	1533.516827 	1593.223117 	
1010.861057 	517.383743 	1693.700286 	0.100000 	
1423.025708 	2256.908802 	2298.591560 	2130.960870 	
1222.754453 	143.725598 	2080.645838 	0.100000 	
1558.772419 	659.688500 	2430.169597 	811.824634 	
0.100000 	695.891114 	721.879166 	203.683278 	
248.551526 	2351.863062 	1130.173719 	2279.608279 	
802.029432 	416.913419 	1536.538608 	0.100000 	
1831.849177 	1164.204920 	2499.900000 	1741.261218 	
1388.268194 	1613.187469 	2271.913234 	1572.568644 	
761.754247 	1423.332848 	1545.744189 	1833.013475 	
482.895281 	2076.130319 	1350.817465 	2246.979744 	
0.100000 	0.100000 	782.623339 	294.364775 	
2251.511103 	0.179051 	0.950000 	
2251.511103 	0.179051 	0.950000 	
2251.511103 	0.179051 	0.950000 	
2251.511103 	0.179051 	0.950000 	
2251.511103 	0.179051 	0.950000 	
2251.511103 	0.179051 	0.950000 	
2251.511103 	0.179051 	0.950000 	
2251.511103 	0.179051 	0.950000 	
2251.511103 	0.179051 	0.950000 	
2251.511103 	0.179051 	0.950000 	
2251.511103 	0.179051 	0.950000 	
2251.511103 	0.179051 	0.950000 	
2251.511103 	0.179051 	0.950000 	
2251.511103 	0.179051 	0.950000 	
2251.511103 	0.179051 	0.950000 	
2251.511103 	0.179051 	0.950000 	
2251.511103 	0.179051 	0.950000 	
2251.511103 	0.179051 	0.950000 	
2251.511103 	0.179051 	0.950000 	
2251.511103 	0.179051 	0.950000 	
2251.511103 	0.179051 	0.950000 	
2251.511103 	0.179051 	0.950000 	
2251.511103 	0.179051 	0.950000 	
2251.511103 	0.179051 	0.950000 	
2251.511103 	0.179051 	0.950000 	
2251.511103 	0.179051 	0.950000 	
