25
1013.186329 	1009.742433 	1956.368726 	1084.102341 	
487.557294 	1598.425405 	1290.255151 	2099.223347 	
383.864033 	936.389882 	1326.132319 	851.225891 	
77.799629 	2499.900000 	989.358356 	2247.883274 	
1471.527891 	1800.901241 	2405.841635 	1949.831614 	
382.860655 	0.100000 	1269.756622 	213.669254 	
1599.982054 	1959.006442 	2499.900000 	1816.829259 	
62.194576 	2499.900000 	890.642128 	2051.031231 	
1107.827558 	1164.273318 	1847.614822 	574.496042 	
390.743626 	381.674184 	1244.872809 	0.100000 	
876.596741 	1869.505174 	1655.931288 	2405.937923 	
889.979616 	56.614024 	1765.520841 	415.152717 	
0.100000 	1583.776082 	778.259628 	1164.063299 	
652.404666 	2323.781810 	1595.925258 	2253.843823 	
217.920244 	1247.464193 	1156.998316 	1362.593701 	
1629.492593 	251.413209 	2499.900000 	8.414212 	
1163.827755 	1041.067644 	2101.984640 	1163.477155 	
27.421848 	1859.408189 	936.279192 	1596.537957 	
540.596942 	853.546193 	1397.894227 	453.341503 	
422.277063 	2413.913407 	1301.945819 	2065.624290 	
395.041780 	1036.665410 	1313.950524 	1261.896734 	
906.624997 	659.901507 	1839.156952 	500.193702 	
1374.508126 	560.898321 	2309.887771 	418.816127 	
716.893304 	2131.142754 	1662.901517 	2117.326471 	
1393.589009 	2030.875163 	2271.093094 	1677.167641 	
2131.168113 	0.169872 	0.950000 	
2131.168113 	0.169872 	0.950000 	
2131.168113 	0.169872 	0.950000 	
2131.168113 	0.169872 	0.950000 	
2131.168113 	0.169872 	0.950000 	
2131.168113 	0.169872 	0.950000 	
2131.168113 	0.169872 	0.950000 	
2131.168113 	0.169872 	0.950000 	
2131.168113 	0.169872 	0.950000 	
2131.168113 	0.169872 	0.950000 	
2131.168113 	0.169872 	0.950000 	
2131.168113 	0.169872 	0.950000 	
2131.168113 	0.169872 	0.950000 	
2131.168113 	0.169872 	0.950000 	
2131.168113 	0.169872 	0.950000 	
2131.168113 	0.169872 	0.950000 	
2131.168113 	0.169872 	0.950000 	
2131.168113 	0.169872 	0.950000 	
2131.168113 	0.169872 	0.950000 	
2131.168113 	0.169872 	0.950000 	
2131.168113 	0.169872 	0.950000 	
2131.168113 	0.169872 	0.950000 	
2131.168113 	0.169872 	0.950000 	
2131.168113 	0.169872 	0.950000 	
2131.168113 	0.169872 	0.950000 	
