23
285.703753 	1815.788032 	1163.662925 	2102.499138 	
88.168517 	1819.673196 	970.467543 	1546.609108 	
270.385886 	1912.200792 	1112.535240 	2291.410540 	
1428.239415 	984.768648 	2341.947404 	1119.502754 	
593.840961 	1966.710150 	1419.075260 	1551.976598 	
1165.618681 	1404.926646 	1996.442196 	1001.506451 	
1659.946629 	2041.167771 	2499.900000 	2061.712144 	
773.621822 	1417.186468 	1432.302648 	769.764553 	
1028.065429 	1987.423635 	1892.574712 	2312.445583 	
1802.845644 	0.100000 	2499.900000 	275.241639 	
532.994274 	2371.488629 	1425.609535 	2499.900000 	
1163.196934 	889.121716 	1994.593381 	486.883585 	
419.773710 	40.244691 	1339.246622 	127.337358 	
1726.752608 	24.696606 	2316.110745 	735.803175 	
434.481751 	980.074735 	1247.697170 	1417.906038 	
389.504629 	2123.883620 	1291.959691 	2320.328086 	
1629.310423 	553.125306 	2499.017844 	863.970236 	
836.760879 	1727.839029 	1634.777471 	2192.796108 	
203.798126 	391.182126 	1124.760476 	460.780378 	
0.100000 	1847.544527 	763.028777 	1808.923222 	
131.212714 	665.386058 	1049.623034 	567.723112 	
393.815657 	175.328795 	1315.546534 	233.875836 	
1713.004800 	2174.336198 	2499.900000 	2090.207528 	
1814.068314 	0.162157 	0.950000 	
1814.068314 	0.162157 	0.950000 	
1814.068314 	0.162157 	0.950000 	
1814.068314 	0.162157 	0.950000 	
1814.068314 	0.162157 	0.950000 	
1814.068314 	0.162157 	0.950000 	
1814.068314 	0.162157 	0.950000 	
1814.068314 	0.162157 	0.950000 	
1814.068314 	0.162157 	0.950000 	
1814.068314 	0.162157 	0.950000 	
1814.068314 	0.162157 	0.950000 	
1814.068314 	0.162157 	0.950000 	
1814.068314 	0.162157 	0.950000 	
1814.068314 	0.162157 	0.950000 	
1814.068314 	0.162157 	0.950000 	
1814.068314 	0.162157 	0.950000 	
1814.068314 	0.162157 	0.950000 	
1814.068314 	0.162157 	0.950000 	
1814.068314 	0.162157 	0.950000 	
1814.068314 	0.162157 	0.950000 	
1814.068314 	0.162157 	0.950000 	
1814.068314 	0.162157 	0.950000 	
1814.068314 	0.162157 	0.950000 	
