24
0.100000 	1869.704113 	1266.814484 	1602.315435 	
300.941840 	533.697443 	1640.542068 	750.225373 	
8.363519 	0.100000 	1246.796372 	301.748920 	
0.100000 	1078.961211 	882.457898 	1582.454145 	
208.160016 	626.636265 	1557.518039 	770.323561 	
991.687653 	2499.900000 	2306.780293 	2198.284870 	
842.660089 	2100.016927 	2158.360631 	2432.199406 	
657.959375 	1002.819370 	2014.289326 	960.603510 	
546.378378 	0.100000 	1709.770435 	411.398745 	
247.490137 	2034.967680 	1402.218933 	1322.216303 	
575.868074 	2055.315581 	1930.768352 	2130.537596 	
1179.775991 	2099.615458 	2366.408751 	2499.900000 	
1109.097870 	273.376177 	2440.534325 	11.288250 	
743.940679 	1290.624732 	2060.282927 	960.994332 	
1111.926268 	1699.400896 	2378.725083 	1212.950612 	
866.635878 	1790.710843 	2215.502146 	1642.478229 	
0.100000 	1851.955298 	1172.829868 	1745.208465 	
581.280310 	1588.685562 	1936.311130 	1661.518198 	
306.444044 	2047.957145 	1582.601206 	1586.615609 	
0.100000 	912.631303 	1112.432386 	956.607026 	
0.100000 	1613.350073 	1205.203717 	1294.560343 	
0.100000 	388.198659 	1317.732285 	192.393905 	
952.470075 	363.450472 	2236.610875 	0.100000 	
438.699112 	2499.900000 	1787.345619 	2374.303615 	
2681.506473 	0.172938 	0.950000 	
2681.506473 	0.172938 	0.950000 	
2681.506473 	0.172938 	0.950000 	
2681.506473 	0.172938 	0.950000 	
2681.506473 	0.172938 	0.950000 	
2681.506473 	0.172938 	0.950000 	
2681.506473 	0.172938 	0.950000 	
2681.506473 	0.172938 	0.950000 	
2681.506473 	0.172938 	0.950000 	
2681.506473 	0.172938 	0.950000 	
2681.506473 	0.172938 	0.950000 	
2681.506473 	0.172938 	0.950000 	
2681.506473 	0.172938 	0.950000 	
2681.506473 	0.172938 	0.950000 	
2681.506473 	0.172938 	0.950000 	
2681.506473 	0.172938 	0.950000 	
2681.506473 	0.172938 	0.950000 	
2681.506473 	0.172938 	0.950000 	
2681.506473 	0.172938 	0.950000 	
2681.506473 	0.172938 	0.950000 	
2681.506473 	0.172938 	0.950000 	
2681.506473 	0.172938 	0.950000 	
2681.506473 	0.172938 	0.950000 	
2681.506473 	0.172938 	0.950000 	
