25
1144.734409 	2368.007268 	2257.033915 	2375.650990 	
1442.931794 	1926.386801 	2499.900000 	1778.963906 	
768.411296 	1174.364210 	1228.001790 	2187.303100 	
146.325640 	324.079856 	1218.424429 	27.646383 	
846.726229 	796.340434 	1957.314167 	734.186993 	
0.100000 	2225.290443 	845.055165 	2458.874835 	
0.100000 	1865.228151 	819.218090 	2419.456867 	
1561.471899 	2255.725606 	2499.900000 	2198.511298 	
537.015408 	1264.674182 	1569.592305 	1678.260412 	
1305.894695 	193.919828 	2333.788378 	619.011810 	
182.054471 	382.806913 	1288.459803 	497.418686 	
983.804758 	2144.148801 	1950.366141 	1593.669273 	
1507.863872 	2190.007345 	2499.900000 	2499.900000 	
953.143677 	1622.166603 	2064.535768 	1667.732342 	
1642.855425 	1040.372967 	2499.900000 	1678.786918 	
1715.558050 	1674.652530 	2499.900000 	1313.612911 	
0.100000 	587.268093 	1106.342110 	585.746367 	
0.100000 	2159.005727 	844.853348 	1939.832930 	
1656.085023 	2339.874478 	2488.971368 	1602.603188 	
36.666612 	1696.036212 	1055.323222 	1249.261854 	
30.922274 	1478.134939 	828.849956 	703.163951 	
1244.199804 	1030.569081 	2118.574593 	1718.128058 	
46.388840 	829.507403 	1153.668795 	935.336127 	
28.784947 	2359.071584 	1110.101414 	2499.900000 	
653.533868 	867.298684 	1762.194707 	957.519316 	
2303.951109 	0.141877 	0.950000 	
2303.951109 	0.141877 	0.950000 	
2303.951109 	0.141877 	0.950000 	
2303.951109 	0.141877 	0.950000 	
2303.951109 	0.141877 	0.950000 	
2303.951109 	0.141877 	0.950000 	
2303.951109 	0.141877 	0.950000 	
2303.951109 	0.141877 	0.950000 	
2303.951109 	0.141877 	0.950000 	
2303.951109 	0.141877 	0.950000 	
2303.951109 	0.141877 	0.950000 	
2303.951109 	0.141877 	0.950000 	
2303.951109 	0.141877 	0.950000 	
2303.951109 	0.141877 	0.950000 	
2303.951109 	0.141877 	0.950000 	
2303.951109 	0.141877 	0.950000 	
2303.951109 	0.141877 	0.950000 	
2303.951109 	0.141877 	0.950000 	
2303.951109 	0.141877 	0.950000 	
2303.951109 	0.141877 	0.950000 	
2303.951109 	0.141877 	0.950000 	
2303.951109 	0.141877 	0.950000 	
2303.951109 	0.141877 	0.950000 	
2303.951109 	0.141877 	0.950000 	
2303.951109 	0.141877 	0.950000 	
