27
526.731628 	637.049785 	1355.889549 	1109.394275 	
1528.343756 	1282.315260 	2480.287870 	1348.757544 	
1314.112645 	2183.948319 	2187.999023 	1800.627603 	
681.099928 	494.381146 	1556.601408 	873.998495 	
594.968500 	870.975205 	1507.674292 	592.442780 	
661.870193 	1211.104479 	1329.881205 	529.654949 	
695.247634 	2371.450411 	1577.753548 	2008.413931 	
618.293858 	0.100000 	1402.935756 	504.844034 	
66.035577 	171.511609 	724.814192 	861.890425 	
655.140536 	716.550385 	1605.982550 	797.245099 	
986.237964 	861.487069 	1939.869126 	896.124904 	
494.351317 	2123.902272 	1224.785330 	1509.835236 	
700.056405 	2499.900000 	1426.518617 	1906.432823 	
0.100000 	0.100000 	908.609748 	268.315092 	
728.922412 	243.110262 	1678.598154 	149.685645 	
379.926592 	180.174889 	1289.714775 	0.100000 	
0.100000 	580.515747 	749.696698 	386.184893 	
1549.900907 	153.798224 	2487.761949 	0.100000 	
194.057574 	1195.153920 	1147.185013 	1148.675333 	
1183.427737 	806.995707 	2051.149456 	409.917387 	
83.257288 	2260.669041 	1034.303921 	2338.915288 	
1724.348679 	1737.539726 	2499.900000 	1841.628467 	
803.031402 	1069.680747 	1707.617999 	1373.547925 	
1564.938659 	288.692192 	2499.900000 	101.679096 	
1315.752524 	1046.406871 	2090.211809 	1603.923677 	
771.265178 	1727.053325 	1717.453405 	1603.198519 	
997.861194 	1419.441670 	1930.995789 	1619.121417 	
2341.467641 	0.140465 	0.950000 	
2341.467641 	0.140465 	0.950000 	
2341.467641 	0.140465 	0.950000 	
2341.467641 	0.140465 	0.950000 	
2341.467641 	0.140465 	0.950000 	
2341.467641 	0.140465 	0.950000 	
2341.467641 	0.140465 	0.950000 	
2341.467641 	0.140465 	0.950000 	
2341.467641 	0.140465 	0.950000 	
2341.467641 	0.140465 	0.950000 	
2341.467641 	0.140465 	0.950000 	
2341.467641 	0.140465 	0.950000 	
2341.467641 	0.140465 	0.950000 	
2341.467641 	0.140465 	0.950000 	
2341.467641 	0.140465 	0.950000 	
2341.467641 	0.140465 	0.950000 	
2341.467641 	0.140465 	0.950000 	
2341.467641 	0.140465 	0.950000 	
2341.467641 	0.140465 	0.950000 	
2341.467641 	0.140465 	0.950000 	
2341.467641 	0.140465 	0.950000 	
2341.467641 	0.140465 	0.950000 	
2341.467641 	0.140465 	0.950000 	
2341.467641 	0.140465 	0.950000 	
2341.467641 	0.140465 	0.950000 	
2341.467641 	0.140465 	0.950000 	
2341.467641 	0.140465 	0.950000 	
