24
1677.958710 	358.534551 	2499.900000 	504.552106 	
1406.944125 	315.755551 	2499.900000 	199.596491 	
418.314361 	1195.515061 	1317.993540 	1835.223430 	
1601.616023 	1040.548253 	2499.900000 	1018.902509 	
0.100000 	708.426403 	1024.933704 	570.487386 	
0.100000 	624.314822 	1023.284697 	384.109407 	
0.100000 	563.933441 	795.166802 	374.512780 	
304.918554 	2234.464424 	1407.707182 	2184.397810 	
604.845498 	1975.494138 	1371.879747 	1181.574820 	
0.100000 	1372.046130 	1011.065772 	1740.086022 	
1123.055796 	1681.951599 	2224.593132 	1609.391823 	
1724.198767 	110.548010 	2499.900000 	774.874344 	
396.394285 	1326.973031 	1392.758538 	1802.270514 	
1332.614382 	2434.629519 	2323.320773 	1947.648749 	
1054.395176 	324.686942 	2131.548390 	566.327951 	
0.100000 	1839.361300 	973.059210 	1388.508096 	
1191.208043 	2429.166401 	2204.642150 	1991.444190 	
1468.747602 	704.056551 	2499.900000 	548.524630 	
0.100000 	1766.032920 	713.991766 	1165.072859 	
0.100000 	1456.209262 	951.409702 	978.156153 	
439.743591 	2065.553725 	1541.792523 	2129.877711 	
1597.447202 	398.270079 	2499.900000 	0.100000 	
1799.781214 	2170.834137 	2499.900000 	1526.528749 	
122.372022 	1094.636896 	1059.603531 	1677.943438 	
2226.841009 	0.160555 	0.950000 	
2226.841009 	0.160555 	0.950000 	
2226.841009 	0.160555 	0.950000 	
2226.841009 	0.160555 	0.950000 	
2226.841009 	0.160555 	0.950000 	
2226.841009 	0.160555 	0.950000 	
2226.841009 	0.160555 	0.950000 	
2226.841009 	0.160555 	0.950000 	
2226.841009 	0.160555 	0.950000 	
2226.841009 	0.160555 	0.950000 	
2226.841009 	0.160555 	0.950000 	
2226.841009 	0.160555 	0.950000 	
2226.841009 	0.160555 	0.950000 	
2226.841009 	0.160555 	0.950000 	
2226.841009 	0.160555 	0.950000 	
2226.841009 	0.160555 	0.950000 	
2226.841009 	0.160555 	0.950000 	
2226.841009 	0.160555 	0.950000 	
2226.841009 	0.160555 	0.950000 	
2226.841009 	0.160555 	0.950000 	
2226.841009 	0.160555 	0.950000 	
2226.841009 	0.160555 	0.950000 	
2226.841009 	0.160555 	0.950000 	
2226.841009 	0.160555 	0.950000 	
