28
549.787252 	1007.093198 	1281.957875 	1602.335170 	
719.051727 	918.950728 	1649.221021 	760.294146 	
1167.698763 	720.569969 	1925.094862 	157.775179 	
0.100000 	491.568396 	771.251618 	553.164974 	
1467.752682 	2193.424237 	2401.073767 	2332.343558 	
898.136044 	1730.470783 	1837.994136 	1646.485104 	
1533.609349 	1376.887712 	2382.790448 	965.453287 	
615.347300 	1943.544578 	1276.169477 	2499.900000 	
858.703502 	637.268384 	1425.403090 	0.100000 	
0.100000 	1957.720470 	820.850996 	1770.009899 	
194.542674 	2074.688375 	1013.887461 	1606.648903 	
1118.459215 	1521.290895 	2032.773033 	1288.016231 	
443.527006 	401.747793 	1379.788975 	519.222695 	
1575.863833 	1467.463921 	2499.900000 	1518.592831 	
32.766435 	879.821633 	939.854358 	619.863318 	
1776.827602 	193.570688 	2499.900000 	477.043976 	
872.184863 	417.333842 	1787.743533 	645.673825 	
1207.197800 	2118.697872 	2120.471877 	2356.010506 	
1783.756836 	257.124705 	2499.900000 	100.139358 	
393.334476 	417.383420 	1258.062903 	795.049375 	
623.035240 	13.341632 	1535.054916 	255.430329 	
918.913942 	711.115837 	1440.445825 	1497.494448 	
1346.660654 	0.100000 	2209.167660 	224.564011 	
1462.466663 	2035.926733 	2310.349492 	2450.030022 	
0.100000 	481.830479 	922.142532 	501.460477 	
193.541806 	462.078725 	1018.926010 	4.773858 	
502.472598 	836.952303 	1436.067056 	699.882195 	
0.100000 	1278.481775 	814.474132 	1001.806559 	
2111.027712 	0.138864 	0.950000 	
2111.027712 	0.138864 	0.950000 	
2111.027712 	0.138864 	0.950000 	
2111.027712 	0.138864 	0.950000 	
2111.027712 	0.138864 	0.950000 	
2111.027712 	0.138864 	0.950000 	
2111.027712 	0.138864 	0.950000 	
2111.027712 	0.138864 	0.950000 	
2111.027712 	0.138864 	0.950000 	
2111.027712 	0.138864 	0.950000 	
2111.027712 	0.138864 	0.950000 	
2111.027712 	0.138864 	0.950000 	
2111.027712 	0.138864 	0.950000 	
2111.027712 	0.138864 	0.950000 	
2111.027712 	0.138864 	0.950000 	
2111.027712 	0.138864 	0.950000 	
2111.027712 	0.138864 	0.950000 	
2111.027712 	0.138864 	0.950000 	
2111.027712 	0.138864 	0.950000 	
2111.027712 	0.138864 	0.950000 	
2111.027712 	0.138864 	0.950000 	
2111.027712 	0.138864 	0.950000 	
2111.027712 	0.138864 	0.950000 	
2111.027712 	0.138864 	0.950000 	
2111.027712 	0.138864 	0.950000 	
2111.027712 	0.138864 	0.950000 	
2111.027712 	0.138864 	0.950000 	
2111.027712 	0.138864 	0.950000 	
