28
1724.383065 	1204.955699 	2499.900000 	1464.835194 	
824.204902 	1285.006671 	1768.991331 	1586.241098 	
777.974208 	1400.402408 	1441.686999 	663.619600 	
170.340767 	0.100000 	1158.291563 	79.678311 	
436.249707 	1573.249873 	1357.355811 	1940.574145 	
0.100000 	1198.935084 	962.888102 	1334.800673 	
535.365296 	781.220733 	1465.474921 	1125.109759 	
576.283751 	0.100000 	1243.332166 	529.210967 	
496.803442 	662.963080 	1371.617247 	1129.936723 	
1435.867694 	797.300564 	2332.607712 	373.955649 	
843.657546 	667.538323 	1783.083711 	349.981941 	
796.987508 	2058.151388 	1787.500686 	2010.746528 	
1318.498886 	1107.381349 	2278.739950 	859.791619 	
0.100000 	149.307766 	986.110713 	118.568088 	
1061.630306 	707.666419 	1940.170301 	1167.591472 	
458.229348 	2040.198184 	1428.365394 	1834.772703 	
426.541474 	468.834222 	1411.936069 	357.653882 	
905.388895 	2324.805222 	1893.077359 	2236.289263 	
1499.344809 	668.208907 	2456.405756 	927.820002 	
191.837870 	628.098765 	1102.414418 	1020.799576 	
1099.932278 	539.674229 	2089.871577 	481.504122 	
1561.678105 	1979.616147 	2499.900000 	1856.457535 	
185.441532 	0.100000 	1111.187195 	352.667608 	
370.610965 	2236.140602 	1322.525634 	2499.900000 	
756.300624 	301.051464 	1729.780458 	489.997460 	
1888.899627 	240.735245 	2170.717300 	1191.494087 	
757.044149 	1711.650510 	1748.614211 	1723.995063 	
312.613089 	286.623855 	1295.367867 	419.125263 	
2123.284218 	0.139500 	0.950000 	
2123.284218 	0.139500 	0.950000 	
2123.284218 	0.139500 	0.950000 	
2123.284218 	0.139500 	0.950000 	
2123.284218 	0.139500 	0.950000 	
2123.284218 	0.139500 	0.950000 	
2123.284218 	0.139500 	0.950000 	
2123.284218 	0.139500 	0.950000 	
2123.284218 	0.139500 	0.950000 	
2123.284218 	0.139500 	0.950000 	
2123.284218 	0.139500 	0.950000 	
2123.284218 	0.139500 	0.950000 	
2123.284218 	0.139500 	0.950000 	
2123.284218 	0.139500 	0.950000 	
2123.284218 	0.139500 	0.950000 	
2123.284218 	0.139500 	0.950000 	
2123.284218 	0.139500 	0.950000 	
2123.284218 	0.139500 	0.950000 	
2123.284218 	0.139500 	0.950000 	
2123.284218 	0.139500 	0.950000 	
2123.284218 	0.139500 	0.950000 	
2123.284218 	0.139500 	0.950000 	
2123.284218 	0.139500 	0.950000 	
2123.284218 	0.139500 	0.950000 	
2123.284218 	0.139500 	0.950000 	
2123.284218 	0.139500 	0.950000 	
2123.284218 	0.139500 	0.950000 	
2123.284218 	0.139500 	0.950000 	
