24
0.100000 	402.619440 	861.885865 	365.332443 	
430.788722 	2499.900000 	1229.952339 	1986.564549 	
352.175607 	1169.478281 	1417.906725 	1534.942126 	
1001.505831 	1790.659823 	2113.254705 	1608.009669 	
1752.042404 	0.100000 	2499.900000 	475.768273 	
1564.759400 	2109.144162 	2499.900000 	1936.875095 	
609.703099 	1781.417859 	1721.842236 	1961.676500 	
223.376055 	544.800214 	1238.537533 	56.134876 	
1231.344330 	1449.460833 	2324.247447 	1175.764991 	
1263.623996 	1064.144848 	2273.685536 	565.023296 	
1174.650614 	1279.622564 	2287.941646 	1452.624636 	
1246.075589 	721.593655 	2228.677777 	1272.810107 	
0.100000 	1167.871306 	1009.929150 	907.595627 	
1058.045452 	355.782183 	2168.196270 	547.906618 	
624.207976 	749.312736 	1728.834338 	527.620967 	
111.452789 	28.757449 	1237.200032 	73.921424 	
0.100000 	2054.183511 	949.341013 	2499.900000 	
1334.450837 	1607.650920 	2459.847058 	1660.848525 	
82.747112 	2499.900000 	1117.291837 	2108.451069 	
45.422503 	594.827569 	1108.857136 	222.734274 	
1019.900989 	2340.294488 	2144.047876 	2265.191792 	
1477.047271 	2029.005119 	2499.900000 	1944.284308 	
752.038710 	1631.350149 	1814.194123 	1255.620835 	
1093.495326 	1060.156393 	2217.313901 	1140.021586 	
1949.766143 	0.145909 	0.950000 	
1949.766143 	0.145909 	0.950000 	
1949.766143 	0.145909 	0.950000 	
1949.766143 	0.145909 	0.950000 	
1949.766143 	0.145909 	0.950000 	
1949.766143 	0.145909 	0.950000 	
1949.766143 	0.145909 	0.950000 	
1949.766143 	0.145909 	0.950000 	
1949.766143 	0.145909 	0.950000 	
1949.766143 	0.145909 	0.950000 	
1949.766143 	0.145909 	0.950000 	
1949.766143 	0.145909 	0.950000 	
1949.766143 	0.145909 	0.950000 	
1949.766143 	0.145909 	0.950000 	
1949.766143 	0.145909 	0.950000 	
1949.766143 	0.145909 	0.950000 	
1949.766143 	0.145909 	0.950000 	
1949.766143 	0.145909 	0.950000 	
1949.766143 	0.145909 	0.950000 	
1949.766143 	0.145909 	0.950000 	
1949.766143 	0.145909 	0.950000 	
1949.766143 	0.145909 	0.950000 	
1949.766143 	0.145909 	0.950000 	
1949.766143 	0.145909 	0.950000 	
