25
1691.321701 	1607.180702 	2499.900000 	1347.342950 	
997.904678 	1272.874654 	1982.315539 	1024.025586 	
1147.570335 	5.467362 	2133.989473 	246.232572 	
1206.412045 	418.187809 	2174.246403 	725.250111 	
651.309924 	1670.499361 	1236.270837 	2499.900000 	
779.868008 	0.100000 	1788.093674 	99.260730 	
855.833865 	2147.651019 	1870.944663 	2170.903307 	
68.151013 	308.669742 	1057.829864 	81.675523 	
867.914594 	1711.487633 	1880.309588 	1633.725318 	
1132.017994 	1260.602011 	2147.195163 	1240.454611 	
711.193947 	867.947877 	1494.628196 	222.021116 	
1417.442851 	1480.261099 	2427.638831 	1377.817528 	
1226.919988 	158.186080 	2198.628277 	452.759675 	
475.072906 	1790.757791 	1465.051262 	1565.073374 	
660.268284 	1401.046599 	1656.581204 	1596.881142 	
553.086346 	0.100000 	1492.473249 	332.646678 	
1338.165945 	0.100000 	2264.052624 	349.258877 	
1234.294967 	228.764686 	2202.789456 	533.738499 	
790.000425 	442.742865 	1431.110956 	0.100000 	
1142.234473 	1199.539083 	2132.775824 	976.338646 	
1664.220985 	1904.555092 	2499.900000 	2256.552285 	
1316.862183 	1465.104082 	2320.068209 	1621.846775 	
1153.456102 	1299.355718 	2168.831331 	1301.291358 	
0.100000 	2072.989371 	968.902447 	2246.351744 	
571.349626 	26.266168 	1488.373003 	462.223423 	
1848.274569 	0.146397 	0.950000 	
1848.274569 	0.146397 	0.950000 	
1848.274569 	0.146397 	0.950000 	
1848.274569 	0.146397 	0.950000 	
1848.274569 	0.146397 	0.950000 	
1848.274569 	0.146397 	0.950000 	
1848.274569 	0.146397 	0.950000 	
1848.274569 	0.146397 	0.950000 	
1848.274569 	0.146397 	0.950000 	
1848.274569 	0.146397 	0.950000 	
1848.274569 	0.146397 	0.950000 	
1848.274569 	0.146397 	0.950000 	
1848.274569 	0.146397 	0.950000 	
1848.274569 	0.146397 	0.950000 	
1848.274569 	0.146397 	0.950000 	
1848.274569 	0.146397 	0.950000 	
1848.274569 	0.146397 	0.950000 	
1848.274569 	0.146397 	0.950000 	
1848.274569 	0.146397 	0.950000 	
1848.274569 	0.146397 	0.950000 	
1848.274569 	0.146397 	0.950000 	
1848.274569 	0.146397 	0.950000 	
1848.274569 	0.146397 	0.950000 	
1848.274569 	0.146397 	0.950000 	
1848.274569 	0.146397 	0.950000 	
