29
976.158469 	845.676333 	1910.816740 	525.323510 	
314.667562 	1424.250937 	1302.648035 	1413.926253 	
317.019575 	17.995923 	1299.820076 	119.559637 	
1168.855089 	1327.559107 	2066.215754 	1741.027185 	
1423.546238 	853.025741 	2321.578056 	1265.034076 	
0.100000 	1588.314318 	895.870472 	1638.164279 	
495.433175 	738.912142 	1482.057601 	791.678191 	
1379.644573 	831.501320 	2345.303768 	622.421589 	
1674.016840 	1039.494978 	2499.900000 	1113.082224 	
1857.831940 	1691.799791 	2499.900000 	1059.571393 	
617.632038 	204.818177 	1584.657033 	407.487050 	
811.060940 	0.100000 	1421.551025 	714.493393 	
480.384533 	360.582561 	1373.397735 	783.358429 	
747.618184 	540.331768 	1571.053180 	0.100000 	
1358.862228 	0.100000 	2221.038865 	473.872589 	
1369.171536 	771.781054 	2153.629587 	171.083475 	
1800.775741 	1472.758943 	2499.900000 	1944.718595 	
162.247429 	1342.917497 	1150.046197 	1364.495445 	
589.175863 	1576.630154 	1412.492023 	1030.404455 	
1218.593992 	2499.900000 	2116.086713 	2147.950763 	
84.502429 	1554.982085 	1069.489359 	1632.524097 	
438.676494 	1614.337206 	1357.171717 	1978.450568 	
1396.579881 	1208.728408 	2339.469116 	913.479522 	
241.442302 	832.356041 	1134.385289 	409.431892 	
429.591568 	2467.826925 	1383.960787 	2212.109487 	
700.604346 	1864.066062 	1647.388470 	2146.575949 	
490.801507 	1734.119873 	1418.519159 	2074.049237 	
0.100000 	139.211671 	890.863348 	169.552528 	
844.401992 	2000.157120 	1676.370282 	2499.900000 	
2125.181937 	0.131073 	0.950000 	
2125.181937 	0.131073 	0.950000 	
2125.181937 	0.131073 	0.950000 	
2125.181937 	0.131073 	0.950000 	
2125.181937 	0.131073 	0.950000 	
2125.181937 	0.131073 	0.950000 	
2125.181937 	0.131073 	0.950000 	
2125.181937 	0.131073 	0.950000 	
2125.181937 	0.131073 	0.950000 	
2125.181937 	0.131073 	0.950000 	
2125.181937 	0.131073 	0.950000 	
2125.181937 	0.131073 	0.950000 	
2125.181937 	0.131073 	0.950000 	
2125.181937 	0.131073 	0.950000 	
2125.181937 	0.131073 	0.950000 	
2125.181937 	0.131073 	0.950000 	
2125.181937 	0.131073 	0.950000 	
2125.181937 	0.131073 	0.950000 	
2125.181937 	0.131073 	0.950000 	
2125.181937 	0.131073 	0.950000 	
2125.181937 	0.131073 	0.950000 	
2125.181937 	0.131073 	0.950000 	
2125.181937 	0.131073 	0.950000 	
2125.181937 	0.131073 	0.950000 	
2125.181937 	0.131073 	0.950000 	
2125.181937 	0.131073 	0.950000 	
2125.181937 	0.131073 	0.950000 	
2125.181937 	0.131073 	0.950000 	
2125.181937 	0.131073 	0.950000 	
