20
501.180452 	1304.809282 	1392.293157 	1024.732486 	
755.967867 	726.180482 	1689.272907 	764.476249 	
1148.575571 	411.087855 	2069.494399 	254.776067 	
1248.532080 	513.318156 	2067.955485 	961.726616 	
820.394931 	724.249527 	1523.141296 	108.885888 	
512.681274 	825.965006 	1444.407915 	759.554699 	
343.957923 	253.592188 	1277.102974 	295.606213 	
0.100000 	2210.936535 	850.788592 	1949.503272 	
672.656431 	2408.446269 	1605.843453 	2449.517502 	
210.278729 	262.145342 	952.546457 	829.211020 	
619.625342 	1952.427214 	1475.370552 	1577.960928 	
1628.550869 	161.685335 	2499.900000 	33.383127 	
876.286936 	1787.745211 	1669.050607 	1293.730408 	
1630.192442 	1541.711607 	2499.900000 	1805.109246 	
18.232877 	306.026746 	849.502879 	0.100000 	
1795.301897 	162.773647 	2499.900000 	0.100000 	
46.861525 	108.550940 	838.872967 	603.770831 	
433.454750 	2007.609669 	1319.135223 	2304.417626 	
1374.134918 	826.717061 	2267.365526 	553.470020 	
1024.477229 	1147.698997 	1885.123802 	1510.758688 	
2021.205470 	0.186687 	0.950000 	
2021.205470 	0.186687 	0.950000 	
2021.205470 	0.186687 	0.950000 	
2021.205470 	0.186687 	0.950000 	
2021.205470 	0.186687 	0.950000 	
2021.205470 	0.186687 	0.950000 	
2021.205470 	0.186687 	0.950000 	
2021.205470 	0.186687 	0.950000 	
2021.205470 	0.186687 	0.950000 	
2021.205470 	0.186687 	0.950000 	
2021.205470 	0.186687 	0.950000 	
2021.205470 	0.186687 	0.950000 	
2021.205470 	0.186687 	0.950000 	
2021.205470 	0.186687 	0.950000 	
2021.205470 	0.186687 	0.950000 	
2021.205470 	0.186687 	0.950000 	
2021.205470 	0.186687 	0.950000 	
2021.205470 	0.186687 	0.950000 	
2021.205470 	0.186687 	0.950000 	
2021.205470 	0.186687 	0.950000 	
