26
394.046825 	2012.120740 	1404.152045 	2146.031436 	
807.649426 	1505.739966 	1776.413337 	1189.921798 	
1537.702043 	396.507148 	2422.044662 	902.652151 	
1738.049021 	982.017070 	2499.900000 	788.175061 	
1564.005418 	824.355033 	2289.947502 	109.335647 	
435.343453 	872.059681 	1454.245139 	881.223990 	
1265.132501 	314.271984 	2232.507018 	634.320692 	
1754.373381 	2434.693182 	2499.900000 	1743.761509 	
1209.008159 	617.864801 	1963.319196 	1302.889977 	
706.249362 	81.776782 	1718.561507 	0.100000 	
339.224200 	934.344492 	1305.428108 	610.778984 	
933.998763 	2035.224836 	1946.624459 	2148.511335 	
424.733865 	810.473038 	1420.894715 	596.211067 	
1694.654527 	1767.719991 	2499.900000 	2138.996570 	
692.392681 	1074.991237 	1575.907406 	1582.580009 	
1672.017653 	297.708771 	2499.900000 	471.863808 	
1093.296984 	1314.236618 	2112.237498 	1312.031802 	
1262.471768 	1024.032902 	2061.839579 	392.166037 	
1678.659934 	1937.695599 	2499.900000 	1636.634974 	
1620.301118 	1831.609054 	2499.900000 	1840.337370 	
1557.012381 	1484.088176 	2278.017759 	764.091039 	
94.027078 	660.084690 	1026.938206 	250.302480 	
1402.270694 	308.957053 	2419.458004 	368.745079 	
727.271788 	918.893521 	1629.289504 	444.964547 	
361.093050 	1741.060138 	1333.660660 	1437.157398 	
790.700310 	1955.337475 	1802.520969 	2075.602117 	
2023.714457 	0.198818 	0.950000 	
2023.714457 	0.198818 	0.950000 	
2023.714457 	0.198818 	0.950000 	
2023.714457 	0.198818 	0.950000 	
2023.714457 	0.198818 	0.950000 	
2023.714457 	0.198818 	0.950000 	
2023.714457 	0.198818 	0.950000 	
2023.714457 	0.198818 	0.950000 	
2023.714457 	0.198818 	0.950000 	
2023.714457 	0.198818 	0.950000 	
2023.714457 	0.198818 	0.950000 	
2023.714457 	0.198818 	0.950000 	
2023.714457 	0.198818 	0.950000 	
2023.714457 	0.198818 	0.950000 	
2023.714457 	0.198818 	0.950000 	
2023.714457 	0.198818 	0.950000 	
2023.714457 	0.198818 	0.950000 	
2023.714457 	0.198818 	0.950000 	
2023.714457 	0.198818 	0.950000 	
2023.714457 	0.198818 	0.950000 	
2023.714457 	0.198818 	0.950000 	
2023.714457 	0.198818 	0.950000 	
2023.714457 	0.198818 	0.950000 	
2023.714457 	0.198818 	0.950000 	
2023.714457 	0.198818 	0.950000 	
2023.714457 	0.198818 	0.950000 	
