27
1304.456618 	537.076705 	2185.678029 	898.346361 	
1306.309889 	2138.322760 	2187.725941 	2499.117276 	
877.715361 	255.534791 	1795.482371 	1.033993 	
476.768248 	1638.891996 	1375.761018 	1324.441780 	
1438.552990 	398.198696 	2390.781657 	416.295805 	
895.082532 	2218.936568 	1815.206180 	1973.092280 	
1764.298803 	161.732790 	2499.900000 	676.071861 	
1627.682612 	1009.908850 	2443.650666 	1501.094227 	
487.139219 	2480.537000 	1438.875250 	2499.900000 	
873.286533 	968.018095 	1812.321039 	809.017662 	
476.711750 	22.810784 	1410.015255 	212.577764 	
1035.132212 	655.522839 	1956.078951 	412.780087 	
1367.622819 	1017.966985 	2318.875922 	971.228636 	
1275.844452 	932.653642 	2207.655154 	735.687259 	
25.281445 	554.266969 	976.863480 	593.745691 	
1464.576282 	2136.132372 	2324.999745 	2499.900000 	
0.100000 	1571.084975 	756.402623 	1844.858949 	
649.876654 	2198.543239 	1507.838869 	2499.900000 	
1267.007764 	1262.332766 	2158.622108 	927.533122 	
1337.734242 	2317.246040 	2287.761759 	2384.437233 	
543.437843 	193.938927 	1425.705818 	0.100000 	
1268.962747 	1454.076921 	2210.508678 	1597.458229 	
1562.223770 	1941.948744 	2499.900000 	2063.430041 	
319.387202 	350.374494 	1151.026343 	814.533173 	
76.675585 	2131.936659 	941.712318 	2499.900000 	
239.517327 	1787.337277 	1160.754201 	2028.976599 	
483.163600 	2159.956245 	1416.892076 	1972.291453 	
1589.687716 	0.141034 	0.950000 	
1589.687716 	0.141034 	0.950000 	
1589.687716 	0.141034 	0.950000 	
1589.687716 	0.141034 	0.950000 	
1589.687716 	0.141034 	0.950000 	
1589.687716 	0.141034 	0.950000 	
1589.687716 	0.141034 	0.950000 	
1589.687716 	0.141034 	0.950000 	
1589.687716 	0.141034 	0.950000 	
1589.687716 	0.141034 	0.950000 	
1589.687716 	0.141034 	0.950000 	
1589.687716 	0.141034 	0.950000 	
1589.687716 	0.141034 	0.950000 	
1589.687716 	0.141034 	0.950000 	
1589.687716 	0.141034 	0.950000 	
1589.687716 	0.141034 	0.950000 	
1589.687716 	0.141034 	0.950000 	
1589.687716 	0.141034 	0.950000 	
1589.687716 	0.141034 	0.950000 	
1589.687716 	0.141034 	0.950000 	
1589.687716 	0.141034 	0.950000 	
1589.687716 	0.141034 	0.950000 	
1589.687716 	0.141034 	0.950000 	
1589.687716 	0.141034 	0.950000 	
1589.687716 	0.141034 	0.950000 	
1589.687716 	0.141034 	0.950000 	
1589.687716 	0.141034 	0.950000 	
