25
1524.122178 	906.221079 	2499.900000 	807.390181 	
0.100000 	1208.728143 	837.446306 	1518.470797 	
1122.254858 	331.955296 	2163.176054 	5.908167 	
126.507145 	1094.966952 	1208.572118 	957.275047 	
1361.304035 	689.133792 	2435.293390 	498.423194 	
148.296182 	1133.942377 	1224.632873 	1310.925405 	
0.100000 	1756.354163 	929.359710 	2273.978778 	
1071.026181 	594.271369 	1906.997084 	1294.968390 	
86.097005 	895.671679 	829.162125 	1694.219044 	
1344.619239 	446.111677 	2351.627976 	26.877770 	
1532.780488 	2427.185229 	2499.900000 	2118.290735 	
480.704919 	142.291341 	1269.346465 	895.861629 	
273.697537 	875.058949 	1352.659128 	1035.263669 	
0.100000 	1768.167013 	796.159013 	1533.234313 	
776.849075 	1610.750425 	1706.637587 	2181.116087 	
1779.977610 	745.177369 	2499.900000 	120.169693 	
1189.514324 	1392.273317 	2262.248682 	1194.625490 	
362.607044 	2499.900000 	1380.272226 	2292.015684 	
957.229800 	1537.011521 	1944.400201 	2001.035512 	
1421.221378 	0.100000 	2205.497929 	580.474302 	
0.100000 	0.100000 	995.478806 	264.926034 	
954.834071 	925.400506 	1862.483086 	1530.377309 	
1544.959013 	802.272941 	2436.525869 	1430.709260 	
1104.437106 	1069.654160 	2154.667893 	1364.338670 	
201.383261 	522.915018 	1270.497742 	306.540592 	
2066.011996 	0.127600 	0.950000 	
2066.011996 	0.127600 	0.950000 	
2066.011996 	0.127600 	0.950000 	
2066.011996 	0.127600 	0.950000 	
2066.011996 	0.127600 	0.950000 	
2066.011996 	0.127600 	0.950000 	
2066.011996 	0.127600 	0.950000 	
2066.011996 	0.127600 	0.950000 	
2066.011996 	0.127600 	0.950000 	
2066.011996 	0.127600 	0.950000 	
2066.011996 	0.127600 	0.950000 	
2066.011996 	0.127600 	0.950000 	
2066.011996 	0.127600 	0.950000 	
2066.011996 	0.127600 	0.950000 	
2066.011996 	0.127600 	0.950000 	
2066.011996 	0.127600 	0.950000 	
2066.011996 	0.127600 	0.950000 	
2066.011996 	0.127600 	0.950000 	
2066.011996 	0.127600 	0.950000 	
2066.011996 	0.127600 	0.950000 	
2066.011996 	0.127600 	0.950000 	
2066.011996 	0.127600 	0.950000 	
2066.011996 	0.127600 	0.950000 	
2066.011996 	0.127600 	0.950000 	
2066.011996 	0.127600 	0.950000 	
