23
1426.441195 	84.733820 	2459.050356 	218.298013 	
830.056399 	1523.606776 	1693.941424 	2104.832841 	
318.543314 	1569.450851 	1296.959131 	1213.327891 	
1259.133708 	1514.911496 	2227.335179 	1131.888017 	
212.970085 	2175.060919 	1234.751451 	1974.851241 	
1651.874240 	2057.177537 	2499.900000 	2236.617633 	
971.596579 	2014.389493 	2009.443565 	1930.755124 	
967.829346 	989.610475 	1933.219236 	599.554793 	
170.803047 	1432.031242 	1019.614960 	829.006026 	
0.100000 	1956.000263 	945.805632 	1805.139587 	
241.880653 	319.808738 	1279.168158 	229.499791 	
1457.991898 	382.971745 	2476.290227 	165.740098 	
1554.280923 	728.172686 	2499.900000 	621.245632 	
1176.091366 	1528.698367 	2122.443703 	1094.488360 	
1191.821288 	2320.210204 	2208.908132 	2499.900000 	
367.737223 	2168.504034 	1051.807093 	1383.539393 	
882.340517 	750.100535 	1921.873308 	809.199191 	
1368.515194 	593.432838 	2373.997226 	863.852800 	
565.736974 	2296.233297 	1549.636499 	1955.553390 	
1706.403688 	2290.789164 	2499.900000 	2267.447956 	
0.100000 	1538.667636 	947.189387 	1657.713100 	
386.366787 	762.862764 	1397.397344 	513.988726 	
752.219675 	224.453819 	1793.416081 	218.875381 	
1812.570081 	0.166703 	0.950000 	
1812.570081 	0.166703 	0.950000 	
1812.570081 	0.166703 	0.950000 	
1812.570081 	0.166703 	0.950000 	
1812.570081 	0.166703 	0.950000 	
1812.570081 	0.166703 	0.950000 	
1812.570081 	0.166703 	0.950000 	
1812.570081 	0.166703 	0.950000 	
1812.570081 	0.166703 	0.950000 	
1812.570081 	0.166703 	0.950000 	
1812.570081 	0.166703 	0.950000 	
1812.570081 	0.166703 	0.950000 	
1812.570081 	0.166703 	0.950000 	
1812.570081 	0.166703 	0.950000 	
1812.570081 	0.166703 	0.950000 	
1812.570081 	0.166703 	0.950000 	
1812.570081 	0.166703 	0.950000 	
1812.570081 	0.166703 	0.950000 	
1812.570081 	0.166703 	0.950000 	
1812.570081 	0.166703 	0.950000 	
1812.570081 	0.166703 	0.950000 	
1812.570081 	0.166703 	0.950000 	
1812.570081 	0.166703 	0.950000 	
