23
159.169482 	2499.900000 	1176.986417 	2298.203486 	
1182.211667 	1622.564092 	2232.827443 	1473.409095 	
953.017250 	2284.938442 	2000.182652 	2456.651401 	
820.361732 	1206.347932 	1731.526989 	662.455851 	
1639.439219 	531.172338 	2499.900000 	606.654539 	
92.508505 	1487.059717 	1145.265688 	1353.856730 	
238.770026 	1733.646500 	1064.180791 	1066.759860 	
1264.043849 	1137.467747 	1872.438917 	268.044857 	
1230.014602 	1997.983930 	2226.405835 	2363.011643 	
476.027146 	2205.118716 	1521.444246 	2023.064306 	
1689.423473 	1483.520783 	2499.900000 	1756.372772 	
0.100000 	1751.807503 	847.887753 	1866.535149 	
388.306394 	780.836789 	1424.679560 	552.864460 	
1048.650281 	136.956444 	2055.187079 	472.998697 	
0.100000 	209.482085 	832.092915 	544.781639 	
0.100000 	1636.493452 	1050.775139 	1703.036193 	
236.784236 	639.561964 	1218.173222 	1043.190974 	
1444.049503 	1465.268971 	2493.388345 	1623.157272 	
1570.618963 	1786.317083 	2499.900000 	2090.311000 	
0.100000 	2065.119826 	742.000349 	1599.561575 	
258.351742 	1623.353955 	1226.374490 	2058.063836 	
1058.295844 	485.094301 	1880.622943 	0.100000 	
1698.197171 	668.850525 	2499.900000 	466.402531 	
1908.010776 	0.159318 	0.950000 	
1908.010776 	0.159318 	0.950000 	
1908.010776 	0.159318 	0.950000 	
1908.010776 	0.159318 	0.950000 	
1908.010776 	0.159318 	0.950000 	
1908.010776 	0.159318 	0.950000 	
1908.010776 	0.159318 	0.950000 	
1908.010776 	0.159318 	0.950000 	
1908.010776 	0.159318 	0.950000 	
1908.010776 	0.159318 	0.950000 	
1908.010776 	0.159318 	0.950000 	
1908.010776 	0.159318 	0.950000 	
1908.010776 	0.159318 	0.950000 	
1908.010776 	0.159318 	0.950000 	
1908.010776 	0.159318 	0.950000 	
1908.010776 	0.159318 	0.950000 	
1908.010776 	0.159318 	0.950000 	
1908.010776 	0.159318 	0.950000 	
1908.010776 	0.159318 	0.950000 	
1908.010776 	0.159318 	0.950000 	
1908.010776 	0.159318 	0.950000 	
1908.010776 	0.159318 	0.950000 	
1908.010776 	0.159318 	0.950000 	
