21
0.100000 	2362.538100 	872.118897 	2499.900000 	
1337.212621 	1780.793508 	2288.877984 	1857.111958 	
1499.769260 	1561.966302 	2394.942073 	1230.067064 	
772.101785 	646.432902 	1531.407737 	67.687760 	
1012.209173 	2257.717545 	1909.091897 	1930.467110 	
481.917366 	1831.068175 	1435.962797 	1795.168542 	
1296.959729 	967.199383 	2239.422097 	1119.699065 	
968.137825 	558.075057 	1889.625603 	807.778369 	
999.481612 	846.104256 	1946.798218 	727.433638 	
1460.947502 	1497.525184 	2411.735109 	1410.955016 	
703.296397 	1598.306308 	1624.655219 	1848.485023 	
1563.427265 	2006.596254 	2467.731585 	2312.741917 	
812.000666 	310.064096 	1662.289933 	744.229536 	
1144.922593 	1590.649287 	1846.480002 	943.108809 	
949.634936 	1280.584878 	1799.025481 	844.663817 	
1218.971765 	545.724926 	2167.671742 	652.775480 	
906.282158 	1702.291524 	1780.797471 	2085.324727 	
1370.752286 	2144.254346 	2267.013366 	1815.305194 	
668.438385 	1018.956759 	1616.972079 	910.442704 	
1604.085307 	880.141847 	2499.900000 	710.130016 	
0.100000 	1214.928231 	900.367686 	1189.697523 	
2151.502348 	0.118996 	0.950000 	
2151.502348 	0.118996 	0.950000 	
2151.502348 	0.118996 	0.950000 	
2151.502348 	0.118996 	0.950000 	
2151.502348 	0.118996 	0.950000 	
2151.502348 	0.118996 	0.950000 	
2151.502348 	0.118996 	0.950000 	
2151.502348 	0.118996 	0.950000 	
2151.502348 	0.118996 	0.950000 	
2151.502348 	0.118996 	0.950000 	
2151.502348 	0.118996 	0.950000 	
2151.502348 	0.118996 	0.950000 	
2151.502348 	0.118996 	0.950000 	
2151.502348 	0.118996 	0.950000 	
2151.502348 	0.118996 	0.950000 	
2151.502348 	0.118996 	0.950000 	
2151.502348 	0.118996 	0.950000 	
2151.502348 	0.118996 	0.950000 	
2151.502348 	0.118996 	0.950000 	
2151.502348 	0.118996 	0.950000 	
2151.502348 	0.118996 	0.950000 	
