26
949.732584 	457.396764 	1884.549891 	887.876895 	
759.912830 	1652.850923 	1787.366850 	1712.304902 	
95.920786 	790.159922 	734.450122 	1597.301067 	
1447.021903 	1105.222941 	1931.258637 	2013.359123 	
1728.484771 	563.175161 	2499.900000 	619.049502 	
582.166977 	793.158204 	1335.970243 	92.460568 	
1683.208092 	2147.613083 	2499.900000 	2000.603845 	
456.588209 	2085.537302 	1429.206836 	1749.071038 	
1531.532959 	2488.422646 	2499.900000 	2183.968720 	
694.442248 	490.228438 	1624.337212 	49.216087 	
562.510757 	439.771023 	1591.198399 	471.366505 	
337.147476 	0.100000 	1033.780797 	626.518669 	
6.921672 	1367.168504 	995.696678 	1081.650506 	
356.361870 	539.684680 	1379.296505 	426.541973 	
1240.673242 	2012.167942 	2163.744485 	2467.289927 	
1358.426389 	11.801246 	2273.061903 	483.647002 	
1132.314605 	12.890413 	2142.835855 	207.937446 	
0.100000 	1191.467418 	742.983646 	1595.008361 	
1451.630649 	1758.692175 	2421.222703 	2103.783161 	
1585.849413 	856.706213 	2499.900000 	702.994075 	
1284.603540 	361.195711 	2299.213343 	533.716686 	
0.100000 	907.697850 	846.359829 	787.080542 	
523.582601 	703.446283 	1489.161947 	347.281902 	
1159.996549 	1148.437612 	2157.361949 	1402.324987 	
1194.620241 	2252.281543 	2223.431941 	2279.540073 	
185.356427 	1610.088696 	1211.751855 	1534.530997 	
2197.538938 	0.157859 	0.950000 	
2197.538938 	0.157859 	0.950000 	
2197.538938 	0.157859 	0.950000 	
2197.538938 	0.157859 	0.950000 	
2197.538938 	0.157859 	0.950000 	
2197.538938 	0.157859 	0.950000 	
2197.538938 	0.157859 	0.950000 	
2197.538938 	0.157859 	0.950000 	
2197.538938 	0.157859 	0.950000 	
2197.538938 	0.157859 	0.950000 	
2197.538938 	0.157859 	0.950000 	
2197.538938 	0.157859 	0.950000 	
2197.538938 	0.157859 	0.950000 	
2197.538938 	0.157859 	0.950000 	
2197.538938 	0.157859 	0.950000 	
2197.538938 	0.157859 	0.950000 	
2197.538938 	0.157859 	0.950000 	
2197.538938 	0.157859 	0.950000 	
2197.538938 	0.157859 	0.950000 	
2197.538938 	0.157859 	0.950000 	
2197.538938 	0.157859 	0.950000 	
2197.538938 	0.157859 	0.950000 	
2197.538938 	0.157859 	0.950000 	
2197.538938 	0.157859 	0.950000 	
2197.538938 	0.157859 	0.950000 	
2197.538938 	0.157859 	0.950000 	
