30
845.858708 	1344.851491 	1820.095460 	1525.457860 	
545.118376 	2329.457342 	1430.510435 	1884.668838 	
1271.652651 	184.324312 	2262.433414 	194.783325 	
1293.042914 	669.202914 	2283.104876 	630.046531 	
672.947951 	2134.490880 	1212.285541 	1303.304454 	
1692.610750 	1136.786743 	2499.900000 	1025.709624 	
481.366253 	687.657449 	1441.862228 	930.974917 	
159.906157 	0.100000 	1112.871612 	250.838465 	
84.407444 	1128.785966 	779.816055 	422.979496 	
383.889358 	1119.506214 	1369.049935 	1013.607450 	
1696.690436 	1382.271925 	2499.900000 	1695.587465 	
1046.739897 	729.429308 	2007.117227 	485.643964 	
188.638279 	1980.272131 	1143.921762 	2243.310868 	
461.274394 	2403.058140 	1371.214222 	2010.928801 	
474.580224 	2140.357756 	1397.482534 	2499.900000 	
1618.203244 	1146.216633 	2461.168514 	1666.952136 	
787.978199 	601.844525 	1728.661973 	913.083899 	
880.241458 	1960.007799 	1868.652294 	1890.726275 	
1333.349229 	1276.847702 	2324.028968 	1259.253285 	
471.983083 	1654.590304 	1431.730174 	1408.335494 	
202.262560 	1801.292767 	1178.457547 	1631.589325 	
1415.003773 	89.745369 	2376.324949 	329.781841 	
0.100000 	1769.268386 	897.243399 	1801.270371 	
0.100000 	716.653419 	908.922505 	775.241427 	
402.397924 	417.697277 	1336.466686 	748.259614 	
1478.455326 	681.368931 	2443.526999 	905.851838 	
705.191295 	660.413045 	1691.998055 	749.678541 	
439.750250 	439.296408 	1357.198305 	813.522244 	
674.836036 	296.022808 	1665.339227 	321.700409 	
1165.077256 	1910.598500 	2031.621179 	1430.122133 	
2374.979870 	0.145413 	0.950000 	
2374.979870 	0.145413 	0.950000 	
2374.979870 	0.145413 	0.950000 	
2374.979870 	0.145413 	0.950000 	
2374.979870 	0.145413 	0.950000 	
2374.979870 	0.145413 	0.950000 	
2374.979870 	0.145413 	0.950000 	
2374.979870 	0.145413 	0.950000 	
2374.979870 	0.145413 	0.950000 	
2374.979870 	0.145413 	0.950000 	
2374.979870 	0.145413 	0.950000 	
2374.979870 	0.145413 	0.950000 	
2374.979870 	0.145413 	0.950000 	
2374.979870 	0.145413 	0.950000 	
2374.979870 	0.145413 	0.950000 	
2374.979870 	0.145413 	0.950000 	
2374.979870 	0.145413 	0.950000 	
2374.979870 	0.145413 	0.950000 	
2374.979870 	0.145413 	0.950000 	
2374.979870 	0.145413 	0.950000 	
2374.979870 	0.145413 	0.950000 	
2374.979870 	0.145413 	0.950000 	
2374.979870 	0.145413 	0.950000 	
2374.979870 	0.145413 	0.950000 	
2374.979870 	0.145413 	0.950000 	
2374.979870 	0.145413 	0.950000 	
2374.979870 	0.145413 	0.950000 	
2374.979870 	0.145413 	0.950000 	
2374.979870 	0.145413 	0.950000 	
2374.979870 	0.145413 	0.950000 	
