28
264.540750 	66.194535 	1379.532340 	115.933043 	
1112.993701 	657.806459 	2183.540536 	973.416406 	
1325.572772 	2499.900000 	2359.459001 	2222.320221 	
575.244386 	901.179859 	1691.111838 	923.983267 	
617.194535 	584.336351 	1667.667912 	961.411744 	
666.947504 	85.864645 	1695.702129 	518.697278 	
250.334270 	2307.895480 	1365.822479 	2270.933040 	
1184.117936 	709.959887 	2017.383337 	0.100000 	
1550.248261 	1063.294971 	2499.900000 	597.294488 	
1511.057031 	2195.847242 	2499.900000 	2291.552220 	
1213.268280 	1077.874667 	2275.519496 	1420.369222 	
222.176460 	1437.287450 	1319.869568 	1639.153761 	
1087.297243 	1590.796382 	2171.254118 	1324.868459 	
158.690190 	1315.035780 	868.632472 	2176.233854 	
0.100000 	57.478315 	1054.826672 	89.183399 	
105.680182 	1133.663783 	1157.931231 	1505.749655 	
0.100000 	170.876186 	1092.095316 	0.100000 	
914.676982 	2304.457841 	1925.497479 	1831.253773 	
0.100000 	701.601169 	934.689980 	998.329863 	
1382.296983 	1895.616996 	2407.007905 	2337.937799 	
1274.638562 	249.061810 	2116.973331 	981.286026 	
1555.663428 	1568.821777 	2499.900000 	1338.634484 	
787.434655 	2499.900000 	1683.119739 	2011.240101 	
1110.532829 	0.100000 	2008.998765 	450.541911 	
1475.196120 	77.163431 	2499.900000 	192.724864 	
822.780998 	290.567379 	1831.321299 	0.100000 	
269.760401 	1825.254902 	1359.060257 	1582.137669 	
1671.779935 	1670.860778 	2499.900000 	1322.281856 	
2118.421054 	0.154855 	0.950000 	
2118.421054 	0.154855 	0.950000 	
2118.421054 	0.154855 	0.950000 	
2118.421054 	0.154855 	0.950000 	
2118.421054 	0.154855 	0.950000 	
2118.421054 	0.154855 	0.950000 	
2118.421054 	0.154855 	0.950000 	
2118.421054 	0.154855 	0.950000 	
2118.421054 	0.154855 	0.950000 	
2118.421054 	0.154855 	0.950000 	
2118.421054 	0.154855 	0.950000 	
2118.421054 	0.154855 	0.950000 	
2118.421054 	0.154855 	0.950000 	
2118.421054 	0.154855 	0.950000 	
2118.421054 	0.154855 	0.950000 	
2118.421054 	0.154855 	0.950000 	
2118.421054 	0.154855 	0.950000 	
2118.421054 	0.154855 	0.950000 	
2118.421054 	0.154855 	0.950000 	
2118.421054 	0.154855 	0.950000 	
2118.421054 	0.154855 	0.950000 	
2118.421054 	0.154855 	0.950000 	
2118.421054 	0.154855 	0.950000 	
2118.421054 	0.154855 	0.950000 	
2118.421054 	0.154855 	0.950000 	
2118.421054 	0.154855 	0.950000 	
2118.421054 	0.154855 	0.950000 	
2118.421054 	0.154855 	0.950000 	
