26
149.984337 	520.760394 	932.201206 	5.914279 	
414.241458 	2184.860748 	1249.553465 	2499.900000 	
784.686431 	1083.337738 	1719.889855 	1035.126662 	
71.752517 	1324.124043 	995.726886 	1476.443177 	
658.117003 	11.391698 	1467.416603 	482.522158 	
1016.042299 	1414.420842 	1856.370441 	1001.167449 	
1407.152407 	305.633788 	2330.367372 	462.490030 	
785.336150 	1004.645485 	1597.059689 	537.703681 	
1257.291437 	648.202470 	1939.195279 	6.379361 	
1354.943195 	631.615863 	2173.775034 	1085.977142 	
146.188568 	1643.575089 	1082.210594 	1671.726792 	
1027.750226 	1211.612902 	1950.806482 	1369.400415 	
1357.637086 	2171.725102 	2222.071227 	1811.609332 	
628.466853 	1376.608357 	1555.878198 	1506.369482 	
682.022838 	309.862334 	1573.932223 	24.507466 	
767.763341 	532.780383 	1687.357465 	709.631730 	
242.117784 	2427.479463 	1125.214060 	2115.917718 	
1452.667443 	2155.085448 	2378.982093 	2292.456921 	
1027.898527 	2064.000779 	1478.276978 	2499.900000 	
12.020163 	658.837021 	898.906542 	959.440252 	
518.417608 	2499.900000 	1439.022032 	2382.793880 	
1425.374933 	1577.822657 	2357.833164 	1491.501169 	
108.139215 	1892.956766 	883.234886 	1367.450863 	
1080.926425 	1483.266621 	2016.508562 	1523.463850 	
1294.842164 	1805.542303 	2151.656696 	2183.429336 	
1250.597300 	1320.649790 	2092.062460 	1731.583042 	
2073.517059 	0.156128 	0.950000 	
2073.517059 	0.156128 	0.950000 	
2073.517059 	0.156128 	0.950000 	
2073.517059 	0.156128 	0.950000 	
2073.517059 	0.156128 	0.950000 	
2073.517059 	0.156128 	0.950000 	
2073.517059 	0.156128 	0.950000 	
2073.517059 	0.156128 	0.950000 	
2073.517059 	0.156128 	0.950000 	
2073.517059 	0.156128 	0.950000 	
2073.517059 	0.156128 	0.950000 	
2073.517059 	0.156128 	0.950000 	
2073.517059 	0.156128 	0.950000 	
2073.517059 	0.156128 	0.950000 	
2073.517059 	0.156128 	0.950000 	
2073.517059 	0.156128 	0.950000 	
2073.517059 	0.156128 	0.950000 	
2073.517059 	0.156128 	0.950000 	
2073.517059 	0.156128 	0.950000 	
2073.517059 	0.156128 	0.950000 	
2073.517059 	0.156128 	0.950000 	
2073.517059 	0.156128 	0.950000 	
2073.517059 	0.156128 	0.950000 	
2073.517059 	0.156128 	0.950000 	
2073.517059 	0.156128 	0.950000 	
2073.517059 	0.156128 	0.950000 	
