23
1655.459016 	887.781305 	2415.488787 	1538.816485 	
675.739442 	1289.250960 	1598.379166 	901.658391 	
1310.867424 	700.144749 	2195.238942 	231.765548 	
1571.172432 	1055.552400 	2499.900000 	1160.119075 	
551.493787 	1448.820239 	1441.777532 	991.778763 	
24.151346 	2353.365530 	941.011149 	1952.291772 	
808.319680 	1699.567755 	1792.164375 	1882.711616 	
434.962025 	1495.357251 	1429.538521 	1606.306120 	
1516.244700 	0.100000 	2381.366608 	475.957514 	
127.668578 	204.895936 	1117.257607 	353.911416 	
244.530756 	1171.618547 	1090.449186 	1706.327876 	
834.953943 	999.596961 	1786.769750 	1308.690360 	
17.084329 	1064.989912 	820.056534 	1662.256766 	
231.809251 	69.672538 	1231.269067 	120.388752 	
1177.259434 	1813.611735 	1860.951091 	1082.819168 	
0.100000 	1698.235918 	956.454963 	1446.653455 	
966.759388 	1254.202287 	1962.619319 	1155.434609 	
1530.537641 	363.975448 	2499.900000 	438.659471 	
739.408642 	1977.302092 	1723.334041 	1794.592307 	
387.471212 	1880.205090 	1366.559689 	2087.274676 	
1276.215497 	680.423185 	2272.346048 	776.423097 	
1797.871103 	922.724864 	2499.900000 	1615.316650 	
1103.008903 	835.530173 	1980.526215 	354.432030 	
1927.308907 	0.175337 	0.950000 	
1927.308907 	0.175337 	0.950000 	
1927.308907 	0.175337 	0.950000 	
1927.308907 	0.175337 	0.950000 	
1927.308907 	0.175337 	0.950000 	
1927.308907 	0.175337 	0.950000 	
1927.308907 	0.175337 	0.950000 	
1927.308907 	0.175337 	0.950000 	
1927.308907 	0.175337 	0.950000 	
1927.308907 	0.175337 	0.950000 	
1927.308907 	0.175337 	0.950000 	
1927.308907 	0.175337 	0.950000 	
1927.308907 	0.175337 	0.950000 	
1927.308907 	0.175337 	0.950000 	
1927.308907 	0.175337 	0.950000 	
1927.308907 	0.175337 	0.950000 	
1927.308907 	0.175337 	0.950000 	
1927.308907 	0.175337 	0.950000 	
1927.308907 	0.175337 	0.950000 	
1927.308907 	0.175337 	0.950000 	
1927.308907 	0.175337 	0.950000 	
1927.308907 	0.175337 	0.950000 	
1927.308907 	0.175337 	0.950000 	
