24
918.267605 	673.833633 	1704.626721 	416.414870 	
1798.285642 	533.757187 	2441.133055 	1054.691234 	
1538.768536 	530.194160 	2038.545479 	1189.624282 	
678.367327 	1839.287838 	1440.641923 	2161.099148 	
1282.951001 	1522.645116 	2088.292700 	1332.777200 	
844.258956 	2221.372032 	1581.031539 	1844.820257 	
744.311811 	358.911214 	1520.391360 	71.986813 	
1721.116027 	471.035001 	2499.900000 	489.652434 	
1045.514594 	1773.958388 	1769.598965 	1373.549970 	
1477.901709 	396.343605 	2156.537091 	0.100000 	
1336.310796 	2088.271790 	2022.917406 	1626.539788 	
127.059307 	1435.796004 	941.605427 	1581.190973 	
1347.929030 	2293.205286 	1923.745109 	1699.015988 	
631.282950 	322.063178 	1443.312862 	480.910588 	
97.525733 	1776.386090 	913.545608 	1913.267942 	
1153.160688 	2059.277771 	1910.456902 	1725.919821 	
859.527695 	2353.458584 	1630.506244 	2053.096878 	
0.100000 	1166.345096 	781.011496 	979.865086 	
896.267540 	571.226088 	1697.881153 	366.187814 	
488.043981 	622.496195 	1270.115414 	892.661611 	
1546.729999 	825.189615 	2372.837792 	778.595708 	
0.100000 	1240.796098 	658.824587 	969.237399 	
249.547485 	823.312496 	1060.794437 	986.111335 	
1627.765171 	1408.670113 	2394.651999 	1719.330169 	
2240.791249 	0.129404 	0.950000 	
2240.791249 	0.129404 	0.950000 	
2240.791249 	0.129404 	0.950000 	
2240.791249 	0.129404 	0.950000 	
2240.791249 	0.129404 	0.950000 	
2240.791249 	0.129404 	0.950000 	
2240.791249 	0.129404 	0.950000 	
2240.791249 	0.129404 	0.950000 	
2240.791249 	0.129404 	0.950000 	
2240.791249 	0.129404 	0.950000 	
2240.791249 	0.129404 	0.950000 	
2240.791249 	0.129404 	0.950000 	
2240.791249 	0.129404 	0.950000 	
2240.791249 	0.129404 	0.950000 	
2240.791249 	0.129404 	0.950000 	
2240.791249 	0.129404 	0.950000 	
2240.791249 	0.129404 	0.950000 	
2240.791249 	0.129404 	0.950000 	
2240.791249 	0.129404 	0.950000 	
2240.791249 	0.129404 	0.950000 	
2240.791249 	0.129404 	0.950000 	
2240.791249 	0.129404 	0.950000 	
2240.791249 	0.129404 	0.950000 	
2240.791249 	0.129404 	0.950000 	
