23
0.100000 	1616.804396 	956.093874 	1576.144034 	
82.394355 	2219.730286 	1084.016933 	2063.054528 	
0.100000 	2013.202749 	950.249628 	1804.672416 	
264.948852 	2499.900000 	820.039567 	2016.234093 	
1101.989523 	1828.422780 	2084.269545 	2079.263446 	
1024.951584 	2385.556114 	2034.461143 	2292.359904 	
506.644199 	1711.559268 	1483.097607 	1984.201568 	
71.577335 	581.487113 	1079.914530 	686.611724 	
831.115960 	2264.790247 	1226.959273 	1331.461177 	
1346.596385 	1793.620951 	2353.309880 	1673.942127 	
566.647012 	1779.292987 	1532.527788 	2087.301767 	
1295.436618 	1665.784742 	2225.039722 	2070.300687 	
337.447666 	858.941492 	1343.393981 	732.976842 	
1033.663482 	1173.183774 	2026.360160 	1378.971012 	
1515.545147 	1885.362696 	2499.900000 	1979.969686 	
195.241012 	1252.513029 	1143.332279 	1611.564602 	
847.193568 	2031.351992 	1574.232384 	2499.900000 	
1.197514 	606.511718 	950.752724 	251.349804 	
170.645122 	1895.867398 	858.833438 	2499.900000 	
0.100000 	1837.907867 	883.109001 	1923.189246 	
0.100000 	871.896358 	890.745781 	558.979800 	
1022.456678 	1727.123081 	1985.359978 	1409.928632 	
566.308779 	1133.635249 	1579.027086 	1180.504367 	
2082.182258 	0.166540 	0.950000 	
2082.182258 	0.166540 	0.950000 	
2082.182258 	0.166540 	0.950000 	
2082.182258 	0.166540 	0.950000 	
2082.182258 	0.166540 	0.950000 	
2082.182258 	0.166540 	0.950000 	
2082.182258 	0.166540 	0.950000 	
2082.182258 	0.166540 	0.950000 	
2082.182258 	0.166540 	0.950000 	
2082.182258 	0.166540 	0.950000 	
2082.182258 	0.166540 	0.950000 	
2082.182258 	0.166540 	0.950000 	
2082.182258 	0.166540 	0.950000 	
2082.182258 	0.166540 	0.950000 	
2082.182258 	0.166540 	0.950000 	
2082.182258 	0.166540 	0.950000 	
2082.182258 	0.166540 	0.950000 	
2082.182258 	0.166540 	0.950000 	
2082.182258 	0.166540 	0.950000 	
2082.182258 	0.166540 	0.950000 	
2082.182258 	0.166540 	0.950000 	
2082.182258 	0.166540 	0.950000 	
2082.182258 	0.166540 	0.950000 	
