25
21.426138 	1584.977239 	1052.486063 	2047.520631 	
1405.454640 	0.100000 	2326.693625 	594.972145 	
0.100000 	648.355714 	818.279420 	614.139567 	
0.100000 	1278.652504 	977.586697 	916.000910 	
550.087356 	1623.266378 	1636.612744 	1312.632280 	
302.910260 	386.591655 	1137.545661 	1148.441186 	
1739.956698 	1463.677055 	2499.900000 	713.668002 	
429.830792 	729.722237 	1556.118154 	821.959645 	
672.160405 	2361.477328 	1793.119895 	2218.366246 	
220.339946 	1665.947518 	1349.696919 	1626.150684 	
969.712582 	805.447133 	1835.408758 	79.085590 	
816.161693 	1920.410742 	1764.019616 	1305.108932 	
1748.483097 	0.100000 	2499.900000 	417.386080 	
1135.376930 	2315.780669 	2007.585577 	1597.252286 	
1474.660952 	0.100000 	2410.308438 	321.367479 	
0.100000 	1030.587093 	985.050440 	891.989550 	
533.290801 	1734.977904 	1658.212480 	1627.357383 	
0.100000 	180.051408 	891.958752 	17.401594 	
925.956828 	1287.271424 	1982.570914 	886.525080 	
1169.188841 	282.186928 	2256.596931 	589.716772 	
1055.269582 	1533.337366 	2175.245190 	1382.719982 	
0.100000 	393.133096 	930.745249 	562.045874 	
1077.724197 	750.923025 	2128.287350 	1167.273865 	
304.171546 	2130.072439 	1424.128770 	2280.826463 	
381.600485 	11.521776 	1511.573717 	0.100000 	
1764.640212 	0.130472 	0.950000 	
1764.640212 	0.130472 	0.950000 	
1764.640212 	0.130472 	0.950000 	
1764.640212 	0.130472 	0.950000 	
1764.640212 	0.130472 	0.950000 	
1764.640212 	0.130472 	0.950000 	
1764.640212 	0.130472 	0.950000 	
1764.640212 	0.130472 	0.950000 	
1764.640212 	0.130472 	0.950000 	
1764.640212 	0.130472 	0.950000 	
1764.640212 	0.130472 	0.950000 	
1764.640212 	0.130472 	0.950000 	
1764.640212 	0.130472 	0.950000 	
1764.640212 	0.130472 	0.950000 	
1764.640212 	0.130472 	0.950000 	
1764.640212 	0.130472 	0.950000 	
1764.640212 	0.130472 	0.950000 	
1764.640212 	0.130472 	0.950000 	
1764.640212 	0.130472 	0.950000 	
1764.640212 	0.130472 	0.950000 	
1764.640212 	0.130472 	0.950000 	
1764.640212 	0.130472 	0.950000 	
1764.640212 	0.130472 	0.950000 	
1764.640212 	0.130472 	0.950000 	
1764.640212 	0.130472 	0.950000 	
