32
1357.383214 	2499.900000 	2370.671884 	2053.169364 	
1037.589420 	1422.268794 	1994.220354 	1990.320289 	
1114.852786 	2348.993385 	2226.856446 	2384.673971 	
1080.398659 	349.337559 	2174.255497 	146.107484 	
343.387531 	1370.281940 	1440.403913 	1184.862680 	
790.612276 	84.908135 	1835.981702 	465.733566 	
1458.110389 	1222.749507 	2499.900000 	1503.559879 	
0.100000 	2084.270167 	781.206218 	1359.659328 	
738.947198 	150.686022 	1762.655904 	586.398920 	
588.194396 	1766.766381 	1642.858462 	2121.038807 	
1504.671006 	1049.181676 	2499.900000 	946.074489 	
994.871401 	2454.845316 	2025.862004 	2036.654425 	
1684.995943 	933.181605 	2499.900000 	602.037764 	
928.376730 	412.182764 	1912.424628 	0.100000 	
1375.093213 	559.646742 	2487.452858 	537.708980 	
637.806466 	291.658196 	1737.448656 	122.506489 	
788.325403 	2443.963616 	1892.563915 	2308.013060 	
54.020815 	0.100000 	1162.395669 	89.223724 	
966.422972 	351.475370 	2071.423815 	221.866796 	
1738.676052 	374.937910 	2499.900000 	0.100000 	
777.044056 	670.156983 	1859.010950 	410.979663 	
664.647363 	142.092789 	1753.809646 	0.100000 	
1402.618970 	1953.226532 	2272.045362 	1259.019796 	
0.100000 	1102.874969 	958.406643 	1482.079729 	
1644.809434 	1032.091732 	2378.388738 	195.618989 	
0.100000 	392.574895 	806.409329 	576.161805 	
720.494007 	291.434838 	1825.622362 	162.918053 	
1056.320638 	1000.405167 	2157.533900 	841.803160 	
843.102492 	0.100000 	1919.888095 	159.444781 	
654.576478 	1572.904150 	1759.258108 	1440.602446 	
336.943348 	1246.624953 	1445.108029 	1147.648767 	
929.138794 	956.998557 	1977.180400 	583.589887 	
2198.323758 	0.163729 	0.950000 	
2198.323758 	0.163729 	0.950000 	
2198.323758 	0.163729 	0.950000 	
2198.323758 	0.163729 	0.950000 	
2198.323758 	0.163729 	0.950000 	
2198.323758 	0.163729 	0.950000 	
2198.323758 	0.163729 	0.950000 	
2198.323758 	0.163729 	0.950000 	
2198.323758 	0.163729 	0.950000 	
2198.323758 	0.163729 	0.950000 	
2198.323758 	0.163729 	0.950000 	
2198.323758 	0.163729 	0.950000 	
2198.323758 	0.163729 	0.950000 	
2198.323758 	0.163729 	0.950000 	
2198.323758 	0.163729 	0.950000 	
2198.323758 	0.163729 	0.950000 	
2198.323758 	0.163729 	0.950000 	
2198.323758 	0.163729 	0.950000 	
2198.323758 	0.163729 	0.950000 	
2198.323758 	0.163729 	0.950000 	
2198.323758 	0.163729 	0.950000 	
2198.323758 	0.163729 	0.950000 	
2198.323758 	0.163729 	0.950000 	
2198.323758 	0.163729 	0.950000 	
2198.323758 	0.163729 	0.950000 	
2198.323758 	0.163729 	0.950000 	
2198.323758 	0.163729 	0.950000 	
2198.323758 	0.163729 	0.950000 	
2198.323758 	0.163729 	0.950000 	
2198.323758 	0.163729 	0.950000 	
2198.323758 	0.163729 	0.950000 	
2198.323758 	0.163729 	0.950000 	
