26
1406.034431 	0.100000 	2334.483608 	262.599214 	
1159.026444 	901.279637 	2150.609764 	1292.745443 	
1475.796062 	0.100000 	2499.900000 	71.882975 	
1212.519733 	316.144392 	2131.525187 	856.433142 	
1039.665520 	1791.332204 	2104.655438 	1743.588809 	
608.333250 	1621.984361 	1649.976485 	1848.837465 	
938.741310 	968.230334 	1812.433091 	357.373861 	
1757.794384 	1062.511621 	2499.900000 	570.356469 	
1655.487423 	75.307347 	2499.900000 	390.862338 	
395.751898 	177.880403 	1451.521166 	30.116359 	
34.781558 	1983.686777 	1087.041631 	1812.713979 	
557.185023 	732.061528 	1611.131456 	892.310939 	
1085.649641 	1762.184785 	1632.258423 	846.924277 	
0.100000 	2454.887044 	837.207384 	2304.552367 	
1497.596457 	1891.771074 	2469.228630 	1453.121010 	
1514.941645 	1084.501883 	2499.900000 	1281.106221 	
711.389348 	1617.036259 	1777.372189 	1629.824539 	
229.132423 	1965.771462 	1108.015590 	1362.408109 	
1160.570094 	596.158829 	2225.818434 	554.578383 	
1118.496257 	2059.423300 	2180.368157 	1965.025069 	
649.724442 	1147.981948 	1693.264483 	1365.943280 	
74.166171 	1214.732063 	1108.206016 	955.416506 	
1378.825886 	2042.022416 	2298.659908 	1503.145501 	
1494.204238 	1403.977203 	2499.900000 	1372.342727 	
12.294318 	533.254233 	1057.763752 	741.764715 	
1601.657566 	112.711190 	2499.900000 	263.291652 	
1812.650410 	0.132962 	0.950000 	
1812.650410 	0.132962 	0.950000 	
1812.650410 	0.132962 	0.950000 	
1812.650410 	0.132962 	0.950000 	
1812.650410 	0.132962 	0.950000 	
1812.650410 	0.132962 	0.950000 	
1812.650410 	0.132962 	0.950000 	
1812.650410 	0.132962 	0.950000 	
1812.650410 	0.132962 	0.950000 	
1812.650410 	0.132962 	0.950000 	
1812.650410 	0.132962 	0.950000 	
1812.650410 	0.132962 	0.950000 	
1812.650410 	0.132962 	0.950000 	
1812.650410 	0.132962 	0.950000 	
1812.650410 	0.132962 	0.950000 	
1812.650410 	0.132962 	0.950000 	
1812.650410 	0.132962 	0.950000 	
1812.650410 	0.132962 	0.950000 	
1812.650410 	0.132962 	0.950000 	
1812.650410 	0.132962 	0.950000 	
1812.650410 	0.132962 	0.950000 	
1812.650410 	0.132962 	0.950000 	
1812.650410 	0.132962 	0.950000 	
1812.650410 	0.132962 	0.950000 	
1812.650410 	0.132962 	0.950000 	
1812.650410 	0.132962 	0.950000 	
