25
0.100000 	2349.504446 	931.663129 	2206.054144 	
0.100000 	1153.987356 	888.081805 	986.123889 	
0.100000 	2335.560009 	754.559871 	2389.860689 	
1609.007465 	1006.237860 	2499.900000 	1016.408561 	
506.603380 	606.718056 	1463.688324 	605.765268 	
912.196386 	1738.905510 	1275.903550 	2499.900000 	
962.738230 	1043.758358 	1840.100074 	1426.183113 	
245.046985 	764.189333 	999.045234 	1353.679909 	
0.100000 	1089.618605 	674.122128 	1672.213701 	
1090.505107 	675.335989 	2041.497129 	567.508948 	
697.480782 	733.860038 	1637.116657 	551.934450 	
270.612060 	816.031712 	1029.343188 	232.645414 	
199.165301 	1630.385660 	1086.912805 	1272.730985 	
1161.616252 	2141.472388 	2112.680242 	2034.281973 	
1266.605165 	2148.971032 	2223.063437 	2114.328955 	
862.024638 	1548.781546 	1811.312500 	1670.703870 	
824.042262 	2433.636906 	1779.382882 	2491.401921 	
636.481229 	2499.900000 	1490.376436 	2231.309355 	
889.422921 	1768.470739 	1838.466339 	1644.660038 	
1339.951746 	1661.813646 	2082.571850 	2265.575089 	
361.859355 	928.757261 	1312.188020 	815.232259 	
1371.690224 	2121.046723 	2266.530255 	1781.526743 	
0.100000 	163.939658 	877.772483 	68.047033 	
718.997518 	818.974695 	1667.724335 	945.188504 	
575.346958 	965.343617 	1521.277484 	819.645508 	
1930.925210 	0.173895 	0.950000 	
1930.925210 	0.173895 	0.950000 	
1930.925210 	0.173895 	0.950000 	
1930.925210 	0.173895 	0.950000 	
1930.925210 	0.173895 	0.950000 	
1930.925210 	0.173895 	0.950000 	
1930.925210 	0.173895 	0.950000 	
1930.925210 	0.173895 	0.950000 	
1930.925210 	0.173895 	0.950000 	
1930.925210 	0.173895 	0.950000 	
1930.925210 	0.173895 	0.950000 	
1930.925210 	0.173895 	0.950000 	
1930.925210 	0.173895 	0.950000 	
1930.925210 	0.173895 	0.950000 	
1930.925210 	0.173895 	0.950000 	
1930.925210 	0.173895 	0.950000 	
1930.925210 	0.173895 	0.950000 	
1930.925210 	0.173895 	0.950000 	
1930.925210 	0.173895 	0.950000 	
1930.925210 	0.173895 	0.950000 	
1930.925210 	0.173895 	0.950000 	
1930.925210 	0.173895 	0.950000 	
1930.925210 	0.173895 	0.950000 	
1930.925210 	0.173895 	0.950000 	
1930.925210 	0.173895 	0.950000 	
