18
1967.158514 	2499.900000 	2491.925732 	2058.368886 	
0.100000 	1161.108349 	784.709930 	543.647871 	
0.100000 	2076.567427 	839.732515 	2421.193080 	
1170.566039 	296.687751 	1975.742367 	890.720310 	
453.434539 	674.019754 	1422.796539 	425.985660 	
14.575977 	2499.900000 	999.477416 	2389.440284 	
1025.193547 	2342.873246 	2023.349108 	2412.652015 	
1268.052889 	1438.240889 	2217.899791 	1752.842958 	
1389.805089 	1090.887935 	2331.264102 	1429.766271 	
511.079080 	478.665756 	1065.029446 	1311.925975 	
626.261828 	1828.776388 	1609.657288 	2013.484182 	
605.025622 	2182.414076 	1502.200327 	1739.400363 	
1159.440048 	0.100000 	1773.129310 	467.443650 	
1327.800896 	322.168982 	2252.548913 	0.100000 	
1651.002507 	945.290789 	2499.900000 	671.804131 	
44.045394 	1824.735836 	981.813758 	2173.697288 	
262.337827 	1541.114623 	1260.553079 	1610.034214 	
506.505451 	2443.588056 	1506.737779 	2470.400184 	
1732.084534 	0.124291 	0.950000 	
1732.084534 	0.124291 	0.950000 	
1732.084534 	0.124291 	0.950000 	
1732.084534 	0.124291 	0.950000 	
1732.084534 	0.124291 	0.950000 	
1732.084534 	0.124291 	0.950000 	
1732.084534 	0.124291 	0.950000 	
1732.084534 	0.124291 	0.950000 	
1732.084534 	0.124291 	0.950000 	
1732.084534 	0.124291 	0.950000 	
1732.084534 	0.124291 	0.950000 	
1732.084534 	0.124291 	0.950000 	
1732.084534 	0.124291 	0.950000 	
1732.084534 	0.124291 	0.950000 	
1732.084534 	0.124291 	0.950000 	
1732.084534 	0.124291 	0.950000 	
1732.084534 	0.124291 	0.950000 	
1732.084534 	0.124291 	0.950000 	
