25
775.757416 	1044.787193 	1637.747719 	490.771764 	
16.820850 	2322.045111 	983.156111 	1981.227651 	
0.100000 	2299.393852 	885.600538 	2442.898621 	
536.799519 	1865.159659 	1509.860003 	1544.046484 	
855.778227 	1448.757446 	1877.204538 	1367.218068 	
1641.167453 	136.913009 	2499.900000 	612.957436 	
1625.256232 	2499.900000 	2499.900000 	2327.376019 	
1387.793264 	2060.352603 	2411.454489 	2014.766697 	
149.905372 	2490.690933 	1084.423128 	2070.408953 	
545.045019 	1564.171904 	1527.387354 	1855.657606 	
1575.331009 	646.866749 	2499.900000 	868.287204 	
892.597794 	2114.507881 	1744.083376 	1544.479213 	
669.672741 	860.699589 	1636.173654 	520.352174 	
320.970993 	1648.857684 	1321.415141 	1427.335937 	
1236.156333 	1178.951481 	1754.940057 	295.309118 	
163.444108 	1540.432024 	1063.645837 	1050.945328 	
1616.244059 	2003.192239 	2499.900000 	1691.426680 	
1177.556466 	1750.056549 	2178.338037 	1970.048879 	
1404.458276 	1054.552945 	2425.012803 	962.744265 	
780.841442 	623.526211 	1705.088967 	181.115893 	
1666.761695 	108.198867 	2499.900000 	3.805969 	
1445.951648 	117.297573 	2427.305152 	412.095261 	
0.100000 	2356.476205 	989.448292 	2303.518929 	
1677.191570 	1792.480545 	2499.900000 	1285.266737 	
1431.991119 	1109.324620 	1821.466259 	2057.095422 	
2303.403698 	0.203853 	0.950000 	
2303.403698 	0.203853 	0.950000 	
2303.403698 	0.203853 	0.950000 	
2303.403698 	0.203853 	0.950000 	
2303.403698 	0.203853 	0.950000 	
2303.403698 	0.203853 	0.950000 	
2303.403698 	0.203853 	0.950000 	
2303.403698 	0.203853 	0.950000 	
2303.403698 	0.203853 	0.950000 	
2303.403698 	0.203853 	0.950000 	
2303.403698 	0.203853 	0.950000 	
2303.403698 	0.203853 	0.950000 	
2303.403698 	0.203853 	0.950000 	
2303.403698 	0.203853 	0.950000 	
2303.403698 	0.203853 	0.950000 	
2303.403698 	0.203853 	0.950000 	
2303.403698 	0.203853 	0.950000 	
2303.403698 	0.203853 	0.950000 	
2303.403698 	0.203853 	0.950000 	
2303.403698 	0.203853 	0.950000 	
2303.403698 	0.203853 	0.950000 	
2303.403698 	0.203853 	0.950000 	
2303.403698 	0.203853 	0.950000 	
2303.403698 	0.203853 	0.950000 	
2303.403698 	0.203853 	0.950000 	
