23
0.100000 	247.289027 	743.483277 	1012.735348 	
122.999828 	755.214995 	1197.979363 	667.887337 	
649.378655 	2186.289648 	1712.577901 	2005.141963 	
677.355598 	1790.361635 	1666.545115 	2220.142068 	
417.052603 	992.082644 	1487.171695 	857.723982 	
597.105086 	838.592954 	1666.906002 	975.461951 	
382.445836 	562.142860 	1435.182301 	796.563542 	
886.428914 	830.265821 	1901.960153 	467.080713 	
1700.750624 	2499.900000 	2499.900000 	2410.535238 	
1295.527983 	0.100000 	2075.875316 	487.903237 	
433.529130 	1661.498723 	1510.453068 	1720.166891 	
890.758873 	1064.260264 	1900.155252 	1444.162975 	
539.032224 	21.761961 	1482.306241 	544.678062 	
468.985366 	1030.867198 	1519.347698 	1275.706107 	
559.959240 	1769.696170 	1637.139337 	1823.456374 	
1265.333177 	2138.760819 	2207.174385 	2499.900000 	
496.831618 	1580.631968 	1443.490326 	1063.868568 	
1024.513188 	2089.799471 	1981.443823 	2499.900000 	
1594.087560 	2499.900000 	2317.391232 	2073.955205 	
17.238301 	1423.618335 	962.860704 	904.961037 	
67.178494 	1000.607964 	1130.192150 	818.374354 	
1612.305334 	244.126168 	2499.900000 	207.553123 	
1774.871370 	2435.760997 	2499.900000 	1785.257792 	
1984.575335 	0.127832 	0.950000 	
1984.575335 	0.127832 	0.950000 	
1984.575335 	0.127832 	0.950000 	
1984.575335 	0.127832 	0.950000 	
1984.575335 	0.127832 	0.950000 	
1984.575335 	0.127832 	0.950000 	
1984.575335 	0.127832 	0.950000 	
1984.575335 	0.127832 	0.950000 	
1984.575335 	0.127832 	0.950000 	
1984.575335 	0.127832 	0.950000 	
1984.575335 	0.127832 	0.950000 	
1984.575335 	0.127832 	0.950000 	
1984.575335 	0.127832 	0.950000 	
1984.575335 	0.127832 	0.950000 	
1984.575335 	0.127832 	0.950000 	
1984.575335 	0.127832 	0.950000 	
1984.575335 	0.127832 	0.950000 	
1984.575335 	0.127832 	0.950000 	
1984.575335 	0.127832 	0.950000 	
1984.575335 	0.127832 	0.950000 	
1984.575335 	0.127832 	0.950000 	
1984.575335 	0.127832 	0.950000 	
1984.575335 	0.127832 	0.950000 	
