25
902.912999 	927.372288 	1983.675419 	1255.910920 	
1509.757419 	1242.437550 	2499.900000 	940.336362 	
1098.162946 	23.566012 	2210.102852 	222.499890 	
543.462965 	449.752452 	1466.357443 	0.100000 	
1155.384680 	245.224229 	2284.439022 	210.276648 	
1631.596881 	1689.248270 	2499.900000 	1280.936888 	
789.289233 	745.930772 	1881.963220 	459.489504 	
768.886798 	2040.887532 	1891.536532 	2165.957978 	
361.655845 	2384.529819 	1382.782713 	1901.534001 	
0.100000 	2499.900000 	915.204989 	2195.153209 	
146.312198 	1538.952670 	1081.609671 	905.546261 	
74.002500 	984.330442 	797.953208 	117.220060 	
613.180505 	599.108597 	1740.776486 	531.934608 	
0.100000 	1092.946481 	775.600711 	1590.992542 	
1516.695193 	1945.592596 	2499.900000 	1864.955950 	
973.067909 	920.734745 	2097.899047 	817.101007 	
0.100000 	1378.757506 	770.588686 	927.401291 	
0.100000 	1269.330047 	769.866223 	1927.288764 	
104.849825 	2348.570465 	1229.031069 	2238.109739 	
666.501866 	129.117540 	1653.362714 	678.745330 	
0.100000 	1709.073063 	1063.632942 	1869.103958 	
0.100000 	1502.587337 	829.082120 	1386.107044 	
1189.596784 	850.391742 	2218.721621 	1316.103144 	
434.949520 	1998.072886 	1481.516344 	2423.141027 	
1246.635140 	1007.339266 	2375.148644 	957.919511 	
2356.259004 	0.148688 	0.950000 	
2356.259004 	0.148688 	0.950000 	
2356.259004 	0.148688 	0.950000 	
2356.259004 	0.148688 	0.950000 	
2356.259004 	0.148688 	0.950000 	
2356.259004 	0.148688 	0.950000 	
2356.259004 	0.148688 	0.950000 	
2356.259004 	0.148688 	0.950000 	
2356.259004 	0.148688 	0.950000 	
2356.259004 	0.148688 	0.950000 	
2356.259004 	0.148688 	0.950000 	
2356.259004 	0.148688 	0.950000 	
2356.259004 	0.148688 	0.950000 	
2356.259004 	0.148688 	0.950000 	
2356.259004 	0.148688 	0.950000 	
2356.259004 	0.148688 	0.950000 	
2356.259004 	0.148688 	0.950000 	
2356.259004 	0.148688 	0.950000 	
2356.259004 	0.148688 	0.950000 	
2356.259004 	0.148688 	0.950000 	
2356.259004 	0.148688 	0.950000 	
2356.259004 	0.148688 	0.950000 	
2356.259004 	0.148688 	0.950000 	
2356.259004 	0.148688 	0.950000 	
2356.259004 	0.148688 	0.950000 	
