23
560.480550 	0.100000 	1478.640170 	226.166188 	
1049.405424 	1449.709297 	1830.055382 	2023.045527 	
890.123280 	2174.337707 	1750.359639 	2499.900000 	
526.877354 	1535.825904 	1307.345544 	2109.409545 	
1488.458030 	1954.928343 	2430.272272 	1728.842690 	
336.839047 	244.179758 	1225.737008 	628.873407 	
1635.823983 	934.933432 	2499.900000 	842.114303 	
625.428907 	1703.312111 	1433.907593 	1169.935129 	
1136.575110 	1217.380000 	2095.686525 	1082.346365 	
320.420097 	2017.106861 	1279.619073 	2151.517099 	
0.100000 	1719.072783 	669.822258 	2358.147246 	
1676.722381 	642.671767 	2499.900000 	977.086954 	
836.030489 	1106.307267 	1799.850817 	1202.115215 	
1143.771754 	1502.380075 	2040.921436 	1867.416014 	
990.638142 	1585.259951 	1939.501818 	1390.872416 	
1330.203269 	574.365979 	2173.289784 	97.570512 	
1745.892353 	177.860745 	2499.900000 	0.100000 	
1272.590055 	530.165436 	2138.088554 	95.376825 	
1515.950125 	375.960908 	2413.334602 	740.419257 	
1750.084319 	1148.571600 	2499.900000 	1097.115856 	
1336.562852 	1554.500374 	2201.278755 	1118.157395 	
59.400753 	2499.900000 	1024.763346 	2436.592689 	
444.782354 	1951.246319 	1360.438671 	1635.489613 	
2284.856062 	0.179830 	0.950000 	
2284.856062 	0.179830 	0.950000 	
2284.856062 	0.179830 	0.950000 	
2284.856062 	0.179830 	0.950000 	
2284.856062 	0.179830 	0.950000 	
2284.856062 	0.179830 	0.950000 	
2284.856062 	0.179830 	0.950000 	
2284.856062 	0.179830 	0.950000 	
2284.856062 	0.179830 	0.950000 	
2284.856062 	0.179830 	0.950000 	
2284.856062 	0.179830 	0.950000 	
2284.856062 	0.179830 	0.950000 	
2284.856062 	0.179830 	0.950000 	
2284.856062 	0.179830 	0.950000 	
2284.856062 	0.179830 	0.950000 	
2284.856062 	0.179830 	0.950000 	
2284.856062 	0.179830 	0.950000 	
2284.856062 	0.179830 	0.950000 	
2284.856062 	0.179830 	0.950000 	
2284.856062 	0.179830 	0.950000 	
2284.856062 	0.179830 	0.950000 	
2284.856062 	0.179830 	0.950000 	
2284.856062 	0.179830 	0.950000 	
