-25.0079 
-25.5004 
-25.9429 
-26.4326 
-26.9738 
-27.5707 
-28.2295 
-28.9523 
-29.7445 
-30.6096 
-31.5533 
-32.5811 
-33.6995 
-34.9156 
-36.2356 
-37.6667 
-39.2184 
-40.9011 
-42.7256 
-44.7046 
 -46.855 
-49.1962 
-51.7528 
-54.5571 
-57.6561 
 -61.124 
-65.0905 
-69.8324 
-76.1596 
-88.1156 
-34.8454 
-35.4606 
-36.1012 
-36.8052 
-37.5817 
-38.4367 
-39.3821 
 -40.409 
-41.5346 
-42.7633 
-44.1023 
-45.5585 
-47.1393 
-48.8534 
-50.7091 
-52.7154 
-54.8821 
-57.2186 
-59.7347 
-62.4384 
-65.3387 
-68.4421 
-71.7534 
-75.2744 
-79.0034 
-82.9384 
-87.0938 
-91.5699 
-96.8523 
-105.652 
-25.6131 
-26.1189 
-26.5761 
-27.0812 
-27.6384 
-28.2517 
-28.9272 
-29.6667 
-30.4754 
-31.3571 
-32.3168 
-33.3598 
-34.4916 
-35.7183 
-37.0467 
 -38.483 
-40.0352 
-41.7129 
-43.5257 
-45.4848 
-47.6049 
-49.9044 
-52.4062 
-55.1418 
 -58.158 
-61.5297 
-65.3902 
-70.0236 
-76.2527 
-88.1376 
-22.5069 
-22.9346 
-23.3379 
-23.7803 
-24.2686 
-24.8081 
 -25.402 
-26.0537 
-26.7671 
-27.5485 
-28.3996 
-29.3262 
-30.3346 
 -31.431 
-32.6213 
-33.9117 
-35.3111 
-36.8285 
-38.4728 
 -40.255 
-42.1897 
-44.2932 
-46.5851 
-49.0917 
-51.8481 
-54.9071 
-58.3634 
-62.4226 
-67.6858 
-77.2011 
-31.2635 
-31.8166 
-32.3958 
-33.0324 
  -33.74 
-34.5087 
-35.3554 
 -36.283 
-37.2972 
-38.4041 
-39.6101 
-40.9216 
-42.3456 
-43.8897 
-45.5611 
-47.3676 
-49.3178 
-51.4201 
-53.6834 
-56.1137 
-58.7173 
 -61.499 
-64.4585 
-67.5911 
-70.8851 
-74.3247 
-77.9018 
-81.6726 
-85.9981 
-93.0336 
-23.0437 
-23.4835 
-23.9003 
-24.3567 
-24.8596 
-25.4141 
 -26.023 
-26.6898 
-27.4181 
-28.2143 
-29.0792 
-30.0191 
-31.0391 
-32.1444 
-33.3414 
 -34.636 
-36.0348 
-37.5457 
-39.1784 
-40.9423 
-42.8489 
-44.9141 
 -47.157 
-49.6027 
-52.2862 
-55.2628 
 -58.632 
-62.6046 
 -67.789 
-77.2348 
-343.786 
-336.999 
-330.074 
-322.973 
-315.702 
-308.197 
-300.507 
-292.573 
-284.365 
-275.879 
-267.103 
-258.001 
-248.551 
-238.733 
-228.508 
-217.831 
-206.685 
-195.031 
-182.829 
-170.028 
-156.581 
 -142.44 
-127.559 
-111.873 
-95.3196 
-77.8838 
-59.6533 
-41.0556 
-23.5166 
-10.7304 
-339.998 
-333.128 
-326.112 
-318.913 
 -311.55 
-303.949 
-296.147 
-288.113 
-279.798 
-271.201 
-262.311 
-253.091 
-243.523 
 -233.58 
-223.238 
-212.455 
-201.205 
-189.464 
-177.189 
-164.341 
-150.881 
-136.767 
-121.971 
-106.459 
-90.1903 
-73.1841 
-55.5982 
 -37.925 
-21.6266 
-10.1715 

