   1000 
   1000 
   1000 
   1000 
   1000 
   1000 
   1000 
   1000 
   1000 
   1000 
   7000 
   7000 
   7000 
1312.16 
   1000 
   1000 
   1000 
   1000 
   1000 
   1000 
   1000 
   1000 
   1000 
   1000 
   1000 
   1000 
   1000 
   1000 
   1000 
   1000 
   1000 
   1000 
   1000 
   1000 
   1000 
   1000 
   1000 
   1000 
   1000 
   1000 
   1000 
   1000 
   1000 
   1000 
   1000 
   1000 
   1000 
   1000 
   1000 
   1000 
   1000 
   1000 
   1000 
   1000 
   1000 
   1000 
   1000 
   1000 
   1000 
   1000 
1577.34 
   1000 
   1000 
   1000 
   1000 
   1000 
   1000 
   1000 
   1000 
   1000 
   1000 
   1000 
   1000 
   1000 
   1000 
   1000 
   1000 
   1000 
   1000 
   1000 
   1000 
   1000 
   1000 
   1000 
   1000 
   1000 
   1000 
   1000 
   1000 
   1000 
   1000 
   1000 
   1000 
   1000 
   1000 
   1000 
   1000 
   1000 
   1000 
   1000 
   1000 
   1000 
   1000 
   1000 
   1000 
   1000 
   1000 
   1000 
   1000 
   1000 
   1000 
   1000 
   1000 
   1000 
   1000 
   1000 
   1000 
   1000 
   1000 
   1000 
   1000 
   1000 
   1000 
   1000 
   1000 
   1000 
   1000 
   1000 
   1000 
   1000 
   1000 
   1000 
   1000 
   1000 
   1000 
   1000 
   1000 
   1000 
   1000 
   1000 
   1000 
   1000 
   1000 
   1000 
2529.48 
1759.54 
   1000 
   1000 
   1000 
   1000 
   1000 
 2779.6 
   7000 
   7000 
   7000 
   7000 
   7000 
   7000 
6513.58 
   1000 
   1000 
   1000 
   1000 
   1000 
   1000 
   1000 
   1000 
   1000 
   1000 
   1000 
   1000 
   1000 
   1000 
   1000 
   1000 
   1000 
   1000 
   1000 
   1000 
   1000 
   1000 
   1000 
   1000 
   1000 
   1000 
   1000 
   1000 
   1000 
   1000 
   1000 
   1000 
   1000 
2183.49 
2956.02 
   1000 
   1000 
   1000 
   1000 
   1000 
   1000 
   1000 
   1000 
   1000 
   1000 
   1000 
   1000 
   1000 
   1000 
   1000 
   1000 
   1000 
   1000 
   1000 
   1000 
   1000 
   1000 
   1000 
   1000 
   1000 
   1000 
   1000 
   1000 
   1000 
   1000 
   1000 
   1000 
   1000 
   1000 
   1000 
   1000 
   1000 
   1000 
   1000 
   1000 
   1000 
   1000 
   1000 
   1000 
   1000 
   1000 
   1000 
   1000 
   1000 
   1000 
   1000 
   1000 
   1000 
   1000 
   1000 
   1000 
   1000 
   1000 
   1000 
   1000 
   1000 
   1000 
   1000 
   1000 
   1000 
   1000 
   1000 
   1000 
   1000 
   1000 
   1000 
   1000 
   1000 
   1000 
   1000 
   1000 
   1000 
   1000 
   1000 
   1000 
   1000 
   1000 
   1000 
   1000 
   1000 
   1000 
   1000 
   1000 
   1000 
   1000 
   1000 
   1000 
   1000 
   1000 
   1000 
   1000 
   1000 
   1000 
   1000 
   1000 
   1000 
   1000 
   1000 
   1000 
   1000 
   1000 
   1000 
   1000 
   1000 
   1000 
   1000 
   1000 
   1000 
   1000 
   1000 
   1000 
   1000 
   1000 
   1000 
   1000 
   1000 
   1000 
   1000 
4767.67 
   7000 
   7000 
3798.59 
   1000 
   1000 
   1000 
   1000 
   1000 
   1000 
   1000 
   1000 
   1000 
   1000 
   1000 
   1000 
   1000 
   1000 
   1000 
1058.08 
6625.74 
   7000 
   7000 
   7000 
   7000 
   7000 
3944.82 
   1000 
   1000 
   1000 
   1000 
   1000 
   1000 
   1000 
   1000 
   1000 
   1000 
   1000 
   1000 
   1000 
   1000 
   1000 
   1000 
   1000 
   1000 
   1000 
   1000 
   1000 
   1000 
3885.27 
2197.92 
   1000 
   1000 
   1000 
   1000 
   1000 
   1000 
   1000 
   1000 
   1000 
   1000 
   1000 
   1000 
   1000 
   1000 
   1000 
   1000 
   1000 
   1000 
   1000 
   1000 
   1000 
   1000 
   1000 
   1000 
   1000 
   1000 
   1000 
   1000 
   1000 
   1000 
   1000 
   1000 
   1000 
   1000 
   1000 
   1000 
   1000 
   1000 
   1000 
   1000 
   1000 
   1000 
   1000 
   1000 
1532.39 
1276.88 
   1000 
   1000 
   1000 
   1000 
   1000 
   1000 
   1000 
   1000 
   1000 
   1000 
   1000 
   1000 
   1000 
   1000 
   1000 
   1000 
   1000 
   1000 
   1000 
   1000 
   1000 
   1000 
   1000 
   1000 
   1000 
   1000 
   1000 
   1000 
   1000 
   1000 
   1000 
   1000 
   1000 
   1000 
   1000 
   1000 
   1000 
   1000 
   1000 
   1000 
   1000 
   1000 
   1000 
   1000 
   1000 
   1000 
   1000 
   1000 
   1000 
   1000 
   1000 
   1000 
   1000 
   1000 
   1000 
   1000 
   1000 
   1000 
   1000 
   1000 
   1000 
   1000 
   1000 
   1000 
   1000 
   1000 
   1000 
   1000 
   1000 
   1000 
   1000 
   1000 
   1000 
   1000 
   1000 
   1000 
   1000 
   1000 
   1000 
   1000 
   1000 
   1000 
   1000 
   1000 
   1000 
   1000 
   1000 
   1000 
   1000 
1011.12 
1343.14 
   1000 
   1000 
   1000 
   1000 
   1000 
   1000 
   1000 
   1000 
   1000 
   1000 
   1000 
   1000 
   1000 
   1000 
   1000 
   1000 
   1000 
   1000 
   1000 
   1000 
   1000 
   1000 
   1000 
3120.18 
   7000 
   7000 
   7000 
   7000 
   7000 
   7000 
   7000 
   7000 
3612.49 
   1000 
   1000 
   1000 
   1000 
   1000 
   1000 
3675.17 
   7000 
   7000 
   7000 
   7000 
   7000 
   7000 
   7000 
2057.66 
   1000 
   1000 
   1000 
   1000 
   1000 
   1000 
   1000 
   1000 
   1000 
   1000 
   1000 
   1000 
   1000 
   1000 
   1000 
   1000 
   1000 
   1000 
   1000 
   1000 
   1000 
   1000 
   1000 
   1000 
   1000 
   1000 
   1000 
   1000 
   1000 
   1000 
   1000 
   1000 
   1000 
   1000 
   1000 
   1000 
   1000 
   1000 
   1000 
   1000 
   1000 
   1000 
   1000 
   1000 
   1000 
   1000 
   1000 
   1000 
   1000 
   1000 
   1000 
   1000 
   1000 
   1000 
   1000 
   1000 
   1000 
      0 
      0 
      0 
      0 
      0 
      0 
      0 
      0 
      0 
      0 
      0 
      0 
      0 
      0 
      0 
      0 
      0 
      0 
      0 
      0 
      0 
      0 
      0 
      0 
      0 
      0 
      0 
      0 
      0 
      0 
      0 
      0 
      0 
      0 
      0 
5527.78 
4485.69 
      0 
      0 
      0 
      0 
      0 
      0 
      0 
      0 
      0 
      0 
      0 
      0 
      0 
      0 
1502.86 
5938.45 
6035.77 
1754.66 
      0 
      0 
      0 
      0 
      0 
      0 
      0 
      0 
      0 
      0 
      0 
      0 
      0 
      0 
      0 
      0 
      0 
      0 
      0 
      0 
      0 
      0 
      0 
      0 
      0 
      0 
      0 
      0 
      0 
      0 
      0 
      0 
      0 
      0 
      0 
      0 
      0 
      0 
      0 
      0 
      0 
      0 
      0 
      0 
      0 
      0 
      0 
      0 
      0 
      0 
      0 
      0 
      0 
      0 
      0 
      0 
      0 
      0 
      0 
      0 
      0 
      0 
      0 
      0 
      0 
      0 
      0 
      0 
      0 
      0 
      0 
      0 
      0 
      0 
      0 
      0 
      0 
      0 
      0 
      0 
      0 
      0 
      0 
      0 
      0 
      0 
      0 
      0 
      0 
      0 
      0 
      0 
      0 
      0 
      0 
      0 
      0 
      0 
      0 
      0 
      0 
      0 
      0 
      0 
      0 
      0 
      0 
      0 
      0 
      0 
      0 
      0 
      0 
      0 
      0 
      0 
      0 
      0 
      0 
      0 
      0 
      0 
      0 
      0 
      0 
      0 
      0 
      0 
      0 
      0 
      0 
      0 
      0 
      0 
      0 
      0 
      0 
      0 
      0 
      0 
      0 
      0 
      0 
      0 
      0 
      0 
      0 
      0 
      0 
      0 
      0 
      0 
      0 
      0 
      0 
      0 
      0 
      0 
      0 
      0 
      0 
      0 
      0 
      0 
      0 
      0 
      0 
      0 
      0 
      0 
      0 
      0 
      0 
      0 
      0 
      0 
      0 
      0 
      0 
      0 
      0 
      0 
      0 
      0 
      0 
      0 
      0 
      0 
      0 
      0 
      0 
      0 
      0 
      0 
      0 
      0 
      0 
      0 
      0 
      0 
      0 
      0 
      0 
      0 
      0 
      0 
      0 
      0 
      0 
      0 
      0 
      0 
      0 
      0 
      0 
      0 
      0 
      0 
      0 
      0 
      0 
      0 
      0 
      0 
      0 
      0 
      0 
      0 
      0 
      0 
      0 
      0 
      0 
      0 
      0 
      0 
      0 
      0 
      0 
      0 
      0 
      0 
      0 
      0 
      0 
      0 
      0 
      0 
      0 
      0 
      0 
      0 
      0 
      0 
      0 
      0 
      0 
5166.53 
 4526.5 
      0 
      0 
      0 
      0 
      0 
      0 
      0 
      0 
      0 
      0 
      0 
      0 
      0 
      0 
      0 
      0 
      0 
      0 
      0 
      0 
      0 
      0 
      0 
      0 
      0 
      0 
      0 
      0 
      0 
      0 
      0 
      0 
      0 
      0 
      0 
      0 
      0 
      0 
      0 
      0 
      0 
      0 
      0 
      0 
      0 
      0 
      0 
      0 
      0 
      0 
      0 
      0 
      0 
      0 
      0 
      0 
      0 
      0 
      0 
      0 
      0 
      0 
      0 
      0 
      0 
      0 
      0 
      0 
      0 
      0 
      0 
      0 
1529.29 
5083.05 
3020.66 
      0 
      0 
      0 
      0 
      0 
      0 
      0 
      0 
      0 
      0 
      0 
      0 
      0 
      0 
      0 
      0 
      0 
      0 
      0 
      0 
      0 
      0 
      0 
      0 
      0 
      0 
      0 
      0 
      0 
      0 
      0 
      0 
      0 
      0 
      0 
      0 
      0 
      0 
      0 
      0 
      0 
      0 
      0 
      0 
      0 
      0 
      0 
      0 
      0 
      0 
      0 
2210.66 
4061.16 
      0 
      0 
      0 
      0 
      0 
      0 
      0 
      0 
      0 
      0 
      0 
      0 
      0 
      0 
      0 
      0 
      0 
      0 
      0 
      0 
      0 
      0 
      0 
      0 
      0 
      0 
      0 
      0 
      0 
      0 
      0 
      0 
      0 
      0 
      0 
      0 
      0 
      0 
      0 
      0 
      0 
      0 
      0 
      0 
      0 
      0 
      0 
      0 
      0 
      0 
      0 
      0 
      0 
      0 
      0 
      0 
      0 
      0 
      0 
      0 
      0 
      0 
      0 
      0 
      0 
      0 
      0 
      0 
      0 
      0 
      0 
      0 
      0 
      0 
      0 
      0 
      0 
      0 
      0 
      0 
      0 
      0 
      0 
62.7474 
1268.18 
3544.92 
3877.48 
5889.46 
6069.48 
3984.41 
      0 
      0 
      0 
      0 
      0 
      0 
      0 
      0 
      0 
      0 
      0 
      0 
      0 
      0 
      0 
      0 
      0 
      0 
      0 
      0 
      0 
      0 
      0 
      0 
      0 
      0 
      0 
      0 
      0 
      0 
      0 
      0 
      0 
      0 
      0 
      0 
      0 
      0 
      0 
      0 
      0 
      0 
      0 
      0 
      0 
      0 
      0 
      0 
      0 
      0 
      0 
      0 
      0 
      0 
      0 
      0 
      0 
      0 
      0 
      0 
      0 
      0 
      0 
      0 
      0 
      0 
      0 
      0 
      0 
      0 
      0 
      0 
      0 
      0 
      0 
      0 
      0 
      0 

