15
939.966450 	1613.819006 	1869.610337 	2331.548568 	
543.544747 	2101.848260 	1716.597636 	2159.471191 	
190.671777 	1142.727950 	1339.783170 	1385.455137 	
1207.226046 	1803.626882 	2300.559530 	1374.680063 	
152.823200 	2183.959974 	1261.854729 	2499.900000 	
0.100000 	1020.519876 	958.764308 	1199.300899 	
1256.901950 	407.565678 	2312.416093 	0.100000 	
1005.242219 	2157.710798 	2179.566522 	2176.038687 	
1102.360897 	1681.341216 	2258.489162 	1474.602456 	
947.428330 	862.498614 	2120.814984 	912.869646 	
503.703129 	2499.900000 	1672.490046 	2434.822342 	
445.922644 	604.180651 	1617.125685 	516.676844 	
1342.696871 	1862.845604 	2421.863540 	1399.409761 	
302.348213 	1586.829586 	1467.363242 	1438.123623 	
1318.250128 	794.005179 	2439.908963 	1142.221978 	
1767.896015 	0.024755 	0.950000 	
1767.896015 	0.024755 	0.950000 	
1767.896015 	0.024755 	0.950000 	
1767.896015 	0.024755 	0.950000 	
1767.896015 	0.024755 	0.950000 	
1767.896015 	0.024755 	0.950000 	
1767.896015 	0.024755 	0.950000 	
1767.896015 	0.024755 	0.950000 	
1767.896015 	0.024755 	0.950000 	
1767.896015 	0.024755 	0.950000 	
1767.896015 	0.024755 	0.950000 	
1767.896015 	0.024755 	0.950000 	
1767.896015 	0.024755 	0.950000 	
1767.896015 	0.024755 	0.950000 	
1767.896015 	0.024755 	0.950000 	
