16
958.441142 	1818.069368 	1820.540858 	1763.468816 	
551.524044 	2413.679245 	1386.688136 	2193.002828 	
0.100000 	2341.698778 	719.062371 	2499.900000 	
895.559412 	2212.938386 	1606.117357 	2499.900000 	
1472.132333 	2244.486754 	2335.927298 	2237.043711 	
372.575234 	1990.429534 	1163.354448 	2338.086514 	
0.100000 	2119.111867 	757.616370 	1885.692994 	
311.874551 	1360.445315 	1174.011865 	1414.448942 	
1140.587478 	1077.087876 	2002.341100 	1017.272861 	
562.435309 	59.799757 	1255.203456 	575.812776 	
1139.953678 	1586.802705 	1998.031313 	1686.301011 	
0.100000 	2031.662464 	688.441600 	2288.162096 	
1258.093176 	744.192457 	2114.178251 	628.799718 	
613.616588 	2206.738169 	1450.858661 	1994.081517 	
0.100000 	110.209476 	743.746087 	243.566746 	
652.233823 	1083.419619 	1471.827787 	810.540756 	
1939.576521 	0.023198 	0.950000 	
1939.576521 	0.023198 	0.950000 	
1939.576521 	0.023198 	0.950000 	
1939.576521 	0.023198 	0.950000 	
1939.576521 	0.023198 	0.950000 	
1939.576521 	0.023198 	0.950000 	
1939.576521 	0.023198 	0.950000 	
1939.576521 	0.023198 	0.950000 	
1939.576521 	0.023198 	0.950000 	
1939.576521 	0.023198 	0.950000 	
1939.576521 	0.023198 	0.950000 	
1939.576521 	0.023198 	0.950000 	
1939.576521 	0.023198 	0.950000 	
1939.576521 	0.023198 	0.950000 	
1939.576521 	0.023198 	0.950000 	
1939.576521 	0.023198 	0.950000 	
