21
1451.931980 	1704.923277 	2499.900000 	2021.245129 	
845.211841 	1095.686925 	1886.218922 	590.029646 	
1323.547325 	1074.831731 	2185.788915 	1846.793172 	
1694.448755 	708.076828 	2385.154414 	1636.683697 	
1361.504929 	304.489832 	2499.900000 	131.835340 	
0.100000 	2227.723306 	1068.967502 	1915.863825 	
93.706234 	1493.395408 	1162.909501 	1936.328134 	
35.181045 	917.830756 	1079.378278 	418.794519 	
0.100000 	2388.824058 	885.410661 	2458.593765 	
0.100000 	490.057203 	846.018020 	428.813810 	
894.466090 	565.291526 	1991.340878 	934.413088 	
1053.949731 	1432.099493 	1882.247567 	623.824960 	
1509.867559 	563.184080 	2499.900000 	619.261856 	
1141.547998 	428.225569 	2292.749776 	547.051044 	
408.040821 	2134.238510 	1296.546988 	1392.657888 	
663.615304 	487.441890 	1818.682612 	415.299378 	
205.240027 	1164.309384 	1327.412067 	1447.355206 	
1208.163642 	1018.358043 	2223.253814 	462.501074 	
0.100000 	1224.977787 	1058.168454 	1088.931654 	
1165.152190 	2268.393785 	2319.014063 	2357.768298 	
1303.061473 	657.642484 	2436.094955 	421.803227 	
2153.887057 	0.018842 	0.950000 	
2153.887057 	0.018842 	0.950000 	
2153.887057 	0.018842 	0.950000 	
2153.887057 	0.018842 	0.950000 	
2153.887057 	0.018842 	0.950000 	
2153.887057 	0.018842 	0.950000 	
2153.887057 	0.018842 	0.950000 	
2153.887057 	0.018842 	0.950000 	
2153.887057 	0.018842 	0.950000 	
2153.887057 	0.018842 	0.950000 	
2153.887057 	0.018842 	0.950000 	
2153.887057 	0.018842 	0.950000 	
2153.887057 	0.018842 	0.950000 	
2153.887057 	0.018842 	0.950000 	
2153.887057 	0.018842 	0.950000 	
2153.887057 	0.018842 	0.950000 	
2153.887057 	0.018842 	0.950000 	
2153.887057 	0.018842 	0.950000 	
2153.887057 	0.018842 	0.950000 	
2153.887057 	0.018842 	0.950000 	
2153.887057 	0.018842 	0.950000 	
