14
1283.704030 	1805.666360 	2200.887741 	2042.318286 	
86.052335 	587.668194 	1033.262748 	582.921818 	
94.403682 	1684.503167 	981.229632 	2017.324181 	
1032.412472 	1532.465391 	1891.423741 	1931.626678 	
309.721815 	1910.225339 	1208.201562 	2210.165728 	
448.900407 	2219.409488 	1347.716413 	1920.478257 	
580.554804 	756.934727 	1526.608868 	709.904943 	
591.681149 	724.384100 	1533.812136 	822.462112 	
868.712393 	859.586673 	1176.052162 	1755.562319 	
1049.883488 	593.833464 	1889.323807 	1032.661498 	
293.595199 	1705.307645 	873.967692 	2453.904908 	
158.833324 	1948.985875 	1093.534969 	2102.488079 	
0.100000 	1353.143230 	911.231161 	1431.848076 	
436.425137 	544.468043 	1356.319954 	770.352125 	
2248.320250 	0.019685 	0.950000 	
2248.320250 	0.019685 	0.950000 	
2248.320250 	0.019685 	0.950000 	
2248.320250 	0.019685 	0.950000 	
2248.320250 	0.019685 	0.950000 	
2248.320250 	0.019685 	0.950000 	
2248.320250 	0.019685 	0.950000 	
2248.320250 	0.019685 	0.950000 	
2248.320250 	0.019685 	0.950000 	
2248.320250 	0.019685 	0.950000 	
2248.320250 	0.019685 	0.950000 	
2248.320250 	0.019685 	0.950000 	
2248.320250 	0.019685 	0.950000 	
2248.320250 	0.019685 	0.950000 	
