18
0.100000 	2470.799052 	725.616820 	2251.007259 	
1270.874724 	1012.735261 	2068.727066 	739.004048 	
280.063158 	195.006179 	897.232636 	769.983545 	
1018.613773 	2353.930164 	1854.916120 	2243.950528 	
1045.133722 	746.960151 	1887.125955 	696.500101 	
1375.631640 	1329.820748 	2213.806708 	1424.476390 	
34.668991 	2499.900000 	690.425472 	2033.036670 	
1579.377448 	407.929719 	2339.523139 	42.312891 	
603.976323 	566.861911 	1433.160979 	721.619600 	
631.495464 	1009.606764 	1466.980380 	1125.633024 	
522.164770 	1630.004652 	1279.505172 	1258.611798 	
979.568036 	2068.382996 	1741.992406 	2429.223979 	
419.233596 	556.616192 	1262.446817 	534.511893 	
561.141260 	2394.124814 	1403.338748 	2441.034608 	
526.733529 	1066.859288 	1369.459785 	1103.047602 	
1098.494708 	2052.436797 	1922.401514 	1871.675319 	
1261.570625 	1590.909023 	1896.197698 	1035.260200 	
1812.998125 	849.858611 	2499.900000 	806.525653 	
1967.066662 	0.020415 	0.950000 	
1967.066662 	0.020415 	0.950000 	
1967.066662 	0.020415 	0.950000 	
1967.066662 	0.020415 	0.950000 	
1967.066662 	0.020415 	0.950000 	
1967.066662 	0.020415 	0.950000 	
1967.066662 	0.020415 	0.950000 	
1967.066662 	0.020415 	0.950000 	
1967.066662 	0.020415 	0.950000 	
1967.066662 	0.020415 	0.950000 	
1967.066662 	0.020415 	0.950000 	
1967.066662 	0.020415 	0.950000 	
1967.066662 	0.020415 	0.950000 	
1967.066662 	0.020415 	0.950000 	
1967.066662 	0.020415 	0.950000 	
1967.066662 	0.020415 	0.950000 	
1967.066662 	0.020415 	0.950000 	
1967.066662 	0.020415 	0.950000 	
