24
890.083558 	0.100000 	1606.380496 	527.765591 	
840.680403 	1968.527030 	1802.523820 	2333.675785 	
628.778223 	2282.191783 	1651.954438 	2389.833812 	
0.100000 	2332.741802 	996.031204 	2499.900000 	
723.467238 	2061.794601 	1737.961936 	2232.899483 	
1508.635202 	2217.840639 	2403.357420 	1709.954308 	
1490.305826 	1367.187921 	2499.900000 	1199.699172 	
334.530373 	206.035717 	1246.646956 	681.976585 	
152.586657 	1005.277709 	1181.258778 	987.669775 	
878.944003 	218.196554 	1880.974280 	451.459701 	
1055.873520 	275.293069 	2005.373781 	0.100000 	
569.811589 	2334.822704 	1598.304217 	2360.885826 	
161.766625 	633.120860 	1162.135437 	873.409463 	
1703.246588 	1000.954662 	2499.900000 	476.714510 	
0.100000 	762.341750 	923.768983 	902.339660 	
0.100000 	1204.373201 	974.519236 	1130.967734 	
54.288191 	1806.013563 	1013.876296 	1434.978469 	
68.565353 	70.652217 	1097.276410 	55.488691 	
1113.667066 	2454.150813 	1870.167510 	1756.882249 	
1052.407734 	1779.138637 	1742.431326 	1016.024088 	
0.100000 	2364.624629 	814.597215 	1905.875117 	
1636.419976 	1064.786359 	2499.900000 	674.609613 	
1246.531984 	1343.737557 	2168.114743 	886.395683 	
1324.907468 	458.085640 	2126.459147 	0.100000 	
1681.163256 	0.020220 	0.950000 	
1681.163256 	0.020220 	0.950000 	
1681.163256 	0.020220 	0.950000 	
1681.163256 	0.020220 	0.950000 	
1681.163256 	0.020220 	0.950000 	
1681.163256 	0.020220 	0.950000 	
1681.163256 	0.020220 	0.950000 	
1681.163256 	0.020220 	0.950000 	
1681.163256 	0.020220 	0.950000 	
1681.163256 	0.020220 	0.950000 	
1681.163256 	0.020220 	0.950000 	
1681.163256 	0.020220 	0.950000 	
1681.163256 	0.020220 	0.950000 	
1681.163256 	0.020220 	0.950000 	
1681.163256 	0.020220 	0.950000 	
1681.163256 	0.020220 	0.950000 	
1681.163256 	0.020220 	0.950000 	
1681.163256 	0.020220 	0.950000 	
1681.163256 	0.020220 	0.950000 	
1681.163256 	0.020220 	0.950000 	
1681.163256 	0.020220 	0.950000 	
1681.163256 	0.020220 	0.950000 	
1681.163256 	0.020220 	0.950000 	
1681.163256 	0.020220 	0.950000 	
