18
1107.652853 	2098.975258 	1895.726273 	1871.408824 	
0.100000 	386.499893 	709.825515 	560.566978 	
786.278335 	34.590685 	1603.050726 	110.281227 	
1203.496302 	244.382415 	2010.274780 	392.553547 	
200.453865 	634.840965 	758.702011 	33.837467 	
312.703195 	344.922841 	1131.552501 	296.631957 	
519.825025 	2499.900000 	1136.497383 	2067.704757 	
186.462397 	653.250818 	1004.562780 	712.899457 	
505.644134 	2235.333830 	1289.180357 	2478.062450 	
1485.304923 	1412.114882 	2219.135473 	1778.637626 	
456.930722 	2061.813531 	1241.604074 	2300.840573 	
1398.503645 	840.186274 	2203.999248 	995.179917 	
964.274819 	467.534004 	1746.808503 	713.475521 	
949.348955 	477.420713 	1769.417931 	459.170478 	
1301.205438 	1370.323965 	2121.383709 	1357.922360 	
1419.605858 	477.801390 	2174.893432 	797.780885 	
1678.379196 	594.713649 	2425.009222 	934.404391 	
123.188808 	114.272150 	929.479818 	0.100000 	
1540.935462 	0.016755 	0.950000 	
1540.935462 	0.016755 	0.950000 	
1540.935462 	0.016755 	0.950000 	
1540.935462 	0.016755 	0.950000 	
1540.935462 	0.016755 	0.950000 	
1540.935462 	0.016755 	0.950000 	
1540.935462 	0.016755 	0.950000 	
1540.935462 	0.016755 	0.950000 	
1540.935462 	0.016755 	0.950000 	
1540.935462 	0.016755 	0.950000 	
1540.935462 	0.016755 	0.950000 	
1540.935462 	0.016755 	0.950000 	
1540.935462 	0.016755 	0.950000 	
1540.935462 	0.016755 	0.950000 	
1540.935462 	0.016755 	0.950000 	
1540.935462 	0.016755 	0.950000 	
1540.935462 	0.016755 	0.950000 	
1540.935462 	0.016755 	0.950000 	
