17
508.880152 	0.100000 	1320.714096 	238.615544 	
958.048677 	1516.983454 	1646.674905 	2029.221313 	
321.619798 	1523.682087 	1164.948698 	1683.024714 	
909.794856 	383.490078 	1761.802970 	486.814222 	
1384.442263 	115.772484 	2239.029140 	194.987230 	
899.535234 	847.144848 	1687.994291 	1186.152253 	
1688.392521 	1213.262389 	2499.900000 	1102.052240 	
123.749974 	592.418197 	964.697948 	420.953300 	
663.732214 	2084.896825 	1503.330593 	2262.852625 	
384.564800 	1546.373648 	1236.606666 	1443.328197 	
1043.124280 	0.100000 	1849.276988 	204.767939 	
0.100000 	2481.888857 	683.100951 	2015.243329 	
5.154028 	918.820308 	749.591984 	1345.910270 	
484.181638 	266.504950 	1307.348382 	23.625933 	
19.513411 	225.532565 	874.000711 	305.814319 	
168.187093 	2499.900000 	1011.991412 	2417.660460 	
579.940427 	2047.137222 	1404.714768 	2284.499796 	
1786.541254 	0.023265 	0.950000 	
1786.541254 	0.023265 	0.950000 	
1786.541254 	0.023265 	0.950000 	
1786.541254 	0.023265 	0.950000 	
1786.541254 	0.023265 	0.950000 	
1786.541254 	0.023265 	0.950000 	
1786.541254 	0.023265 	0.950000 	
1786.541254 	0.023265 	0.950000 	
1786.541254 	0.023265 	0.950000 	
1786.541254 	0.023265 	0.950000 	
1786.541254 	0.023265 	0.950000 	
1786.541254 	0.023265 	0.950000 	
1786.541254 	0.023265 	0.950000 	
1786.541254 	0.023265 	0.950000 	
1786.541254 	0.023265 	0.950000 	
1786.541254 	0.023265 	0.950000 	
1786.541254 	0.023265 	0.950000 	
