20
558.449027 	2499.900000 	1344.657953 	2136.993321 	
1244.650515 	2499.900000 	1997.492320 	2059.970327 	
502.280059 	1471.557361 	1174.314476 	817.874308 	
1067.149844 	201.016208 	1555.367371 	1001.375776 	
1479.851427 	1735.068025 	2349.842118 	2084.421697 	
978.608475 	1851.093559 	1911.352292 	1945.543356 	
485.755407 	2026.615646 	1355.489916 	1676.624679 	
426.395274 	2063.188294 	1270.504820 	1655.253413 	
697.226498 	164.766637 	1613.143668 	364.835447 	
712.316940 	1433.598314 	1478.265672 	1974.203838 	
600.332654 	1447.392708 	1338.092618 	868.910185 	
905.162252 	612.704506 	1828.114548 	448.111520 	
1266.590706 	261.810526 	2203.590757 	230.783162 	
766.168398 	2389.353982 	1431.170736 	1728.518388 	
665.301949 	285.468928 	1552.121206 	589.579759 	
37.189675 	484.918461 	962.301360 	332.931088 	
0.100000 	1345.132682 	641.560739 	1984.803400 	
367.125766 	2307.647955 	1293.615295 	2164.298922 	
422.322950 	1216.396850 	1347.759382 	1366.394192 	
1135.010717 	1960.070573 	1979.749819 	1553.440961 	
1766.255430 	0.020785 	0.950000 	
1766.255430 	0.020785 	0.950000 	
1766.255430 	0.020785 	0.950000 	
1766.255430 	0.020785 	0.950000 	
1766.255430 	0.020785 	0.950000 	
1766.255430 	0.020785 	0.950000 	
1766.255430 	0.020785 	0.950000 	
1766.255430 	0.020785 	0.950000 	
1766.255430 	0.020785 	0.950000 	
1766.255430 	0.020785 	0.950000 	
1766.255430 	0.020785 	0.950000 	
1766.255430 	0.020785 	0.950000 	
1766.255430 	0.020785 	0.950000 	
1766.255430 	0.020785 	0.950000 	
1766.255430 	0.020785 	0.950000 	
1766.255430 	0.020785 	0.950000 	
1766.255430 	0.020785 	0.950000 	
1766.255430 	0.020785 	0.950000 	
1766.255430 	0.020785 	0.950000 	
1766.255430 	0.020785 	0.950000 	
