17
1201.163799 	0.100000 	2196.917429 	345.613213 	
1384.680160 	768.610346 	2392.541280 	1151.627384 	
1657.269668 	904.909636 	2499.900000 	298.290946 	
756.087841 	703.606051 	1800.392126 	435.436984 	
105.515162 	987.157885 	1167.057991 	798.444051 	
919.381097 	2363.869229 	1992.222534 	2256.643577 	
107.724561 	1234.042697 	1184.996191 	1278.449035 	
544.691731 	2125.768382 	1596.878569 	1890.419817 	
1424.846899 	784.362332 	2487.452358 	966.997841 	
578.255968 	1047.613171 	1638.071195 	1245.799383 	
1591.465461 	2499.900000 	2499.900000 	2202.605228 	
462.925648 	253.164590 	1529.385225 	411.752291 	
1158.874057 	405.658389 	2134.111420 	0.100000 	
916.195427 	1593.611401 	1938.306258 	1936.795808 	
0.100000 	2374.475410 	988.925746 	2284.038469 	
557.103654 	121.844940 	1592.476346 	422.659630 	
1600.831713 	1834.265953 	2499.900000 	1424.218256 	
1944.746561 	0.019855 	0.950000 	
1944.746561 	0.019855 	0.950000 	
1944.746561 	0.019855 	0.950000 	
1944.746561 	0.019855 	0.950000 	
1944.746561 	0.019855 	0.950000 	
1944.746561 	0.019855 	0.950000 	
1944.746561 	0.019855 	0.950000 	
1944.746561 	0.019855 	0.950000 	
1944.746561 	0.019855 	0.950000 	
1944.746561 	0.019855 	0.950000 	
1944.746561 	0.019855 	0.950000 	
1944.746561 	0.019855 	0.950000 	
1944.746561 	0.019855 	0.950000 	
1944.746561 	0.019855 	0.950000 	
1944.746561 	0.019855 	0.950000 	
1944.746561 	0.019855 	0.950000 	
1944.746561 	0.019855 	0.950000 	
