16
968.907319 	2263.168938 	2050.339349 	2307.542714 	
1430.489398 	320.395043 	2497.569373 	139.274651 	
1574.858677 	2222.804737 	2499.900000 	2499.900000 	
539.596375 	597.598767 	1353.877234 	0.100000 	
682.818826 	821.343953 	1762.421947 	744.393514 	
1068.411660 	1939.096694 	2149.658309 	1987.778861 	
1138.700679 	1657.463614 	2177.786886 	1354.537676 	
631.120473 	1140.976013 	1712.415754 	1188.565755 	
548.507220 	416.795377 	1408.581969 	1073.861353 	
314.749198 	549.881307 	1306.311699 	115.982616 	
0.100000 	811.855060 	938.450583 	663.189713 	
679.957433 	702.778222 	1598.542451 	130.357193 	
62.202627 	640.158811 	1100.622560 	945.360895 	
565.896558 	521.431471 	1529.099335 	27.766929 	
1580.440880 	2259.168236 	2499.900000 	1901.271571 	
813.812071 	2142.073196 	1731.525471 	2499.900000 	
1848.805962 	0.022033 	0.950000 	
1848.805962 	0.022033 	0.950000 	
1848.805962 	0.022033 	0.950000 	
1848.805962 	0.022033 	0.950000 	
1848.805962 	0.022033 	0.950000 	
1848.805962 	0.022033 	0.950000 	
1848.805962 	0.022033 	0.950000 	
1848.805962 	0.022033 	0.950000 	
1848.805962 	0.022033 	0.950000 	
1848.805962 	0.022033 	0.950000 	
1848.805962 	0.022033 	0.950000 	
1848.805962 	0.022033 	0.950000 	
1848.805962 	0.022033 	0.950000 	
1848.805962 	0.022033 	0.950000 	
1848.805962 	0.022033 	0.950000 	
1848.805962 	0.022033 	0.950000 	
