18
1507.521667 	1902.993604 	2499.900000 	1726.644679 	
696.117848 	1595.859923 	1692.801590 	1910.780370 	
71.825347 	982.543578 	1063.828757 	1311.910551 	
1401.457575 	1227.971269 	2342.225568 	1683.502776 	
727.111906 	1063.720120 	1678.919105 	631.728887 	
0.100000 	454.487272 	1004.454943 	398.639796 	
1496.013270 	865.013874 	2499.900000 	1130.953145 	
1063.729083 	2499.900000 	1977.016434 	2045.248384 	
64.532706 	206.344102 	824.592690 	923.883084 	
1546.443447 	854.712255 	2499.900000 	950.321226 	
0.100000 	922.410584 	830.733629 	700.399480 	
0.100000 	2.749949 	809.726108 	415.160620 	
1710.230557 	1204.544895 	2499.900000 	1358.782773 	
1100.217758 	2059.745933 	2144.508636 	2104.578191 	
499.285423 	2399.478038 	1507.471348 	2123.589455 	
856.664290 	2142.976356 	1660.632721 	1475.003205 	
1291.335656 	1150.561776 	2262.647062 	764.417345 	
0.100000 	876.133912 	853.667987 	613.951368 	
2122.899644 	0.018429 	0.950000 	
2122.899644 	0.018429 	0.950000 	
2122.899644 	0.018429 	0.950000 	
2122.899644 	0.018429 	0.950000 	
2122.899644 	0.018429 	0.950000 	
2122.899644 	0.018429 	0.950000 	
2122.899644 	0.018429 	0.950000 	
2122.899644 	0.018429 	0.950000 	
2122.899644 	0.018429 	0.950000 	
2122.899644 	0.018429 	0.950000 	
2122.899644 	0.018429 	0.950000 	
2122.899644 	0.018429 	0.950000 	
2122.899644 	0.018429 	0.950000 	
2122.899644 	0.018429 	0.950000 	
2122.899644 	0.018429 	0.950000 	
2122.899644 	0.018429 	0.950000 	
2122.899644 	0.018429 	0.950000 	
2122.899644 	0.018429 	0.950000 	
