25
1126.672890 	1217.054196 	1981.315779 	1082.323949 	
0.100000 	1141.722634 	814.675393 	1112.691135 	
542.930357 	1030.557660 	1058.795163 	1725.144019 	
388.511941 	2093.557071 	1238.769009 	1933.464514 	
1607.063958 	1595.034726 	2413.201081 	1909.215638 	
728.198727 	2043.977519 	1549.122708 	2317.200001 	
1410.750489 	0.100000 	2112.905995 	383.237356 	
1033.190481 	460.477891 	1879.995022 	637.928666 	
1571.299600 	1505.479559 	2061.764150 	792.730492 	
69.280266 	2499.900000 	886.442289 	2254.195910 	
1783.234727 	1888.763150 	2499.900000 	2061.463635 	
1516.809152 	1085.970180 	2377.577549 	1173.402865 	
40.921934 	532.221032 	661.664056 	1134.919900 	
814.114259 	0.100000 	1550.693076 	374.684506 	
476.915456 	1768.395048 	1325.697644 	1936.131466 	
1078.040334 	1252.917442 	1942.780166 	1281.055178 	
355.545897 	746.956100 	1065.650758 	252.670966 	
1087.888073 	778.961843 	1731.651820 	1357.005912 	
1024.312934 	398.967614 	1888.312348 	444.483780 	
1094.465695 	2126.033801 	1805.050688 	1632.439154 	
720.503978 	847.625250 	1573.207544 	994.128958 	
0.100000 	2337.059273 	753.092158 	2372.029703 	
855.836194 	139.014339 	1699.423146 	0.100000 	
640.945479 	1989.400218 	1489.975169 	2155.879326 	
50.083408 	1685.130154 	882.100739 	1447.824721 	
1649.139694 	0.019272 	0.950000 	
1649.139694 	0.019272 	0.950000 	
1649.139694 	0.019272 	0.950000 	
1649.139694 	0.019272 	0.950000 	
1649.139694 	0.019272 	0.950000 	
1649.139694 	0.019272 	0.950000 	
1649.139694 	0.019272 	0.950000 	
1649.139694 	0.019272 	0.950000 	
1649.139694 	0.019272 	0.950000 	
1649.139694 	0.019272 	0.950000 	
1649.139694 	0.019272 	0.950000 	
1649.139694 	0.019272 	0.950000 	
1649.139694 	0.019272 	0.950000 	
1649.139694 	0.019272 	0.950000 	
1649.139694 	0.019272 	0.950000 	
1649.139694 	0.019272 	0.950000 	
1649.139694 	0.019272 	0.950000 	
1649.139694 	0.019272 	0.950000 	
1649.139694 	0.019272 	0.950000 	
1649.139694 	0.019272 	0.950000 	
1649.139694 	0.019272 	0.950000 	
1649.139694 	0.019272 	0.950000 	
1649.139694 	0.019272 	0.950000 	
1649.139694 	0.019272 	0.950000 	
1649.139694 	0.019272 	0.950000 	
