22
561.587195 	119.381976 	1474.188255 	169.882539 	
1301.069137 	826.491006 	2045.156571 	1357.268635 	
755.150715 	1414.569675 	1668.582915 	1446.704053 	
1267.228437 	1532.042533 	2149.492451 	1293.293266 	
1698.380963 	1896.009025 	2499.900000 	2223.073811 	
832.016158 	379.263897 	1737.001453 	251.230240 	
1600.577386 	714.060251 	2499.900000 	786.523636 	
256.176581 	0.100000 	1116.593988 	159.474520 	
1562.250060 	2235.192127 	2430.627301 	2499.900000 	
46.018199 	2184.849278 	784.753529 	1646.647538 	
906.710166 	2243.936174 	1454.903500 	1512.584637 	
0.100000 	471.503629 	733.617457 	222.820557 	
1502.392905 	597.202359 	2230.729295 	1149.395355 	
153.366182 	336.224429 	1063.471821 	420.478373 	
124.597101 	1269.019579 	1036.971886 	1214.583812 	
157.064349 	2049.589390 	1069.349520 	1993.671874 	
1213.329818 	1400.978268 	2052.416435 	1763.365699 	
224.371626 	1661.860503 	1130.682450 	1780.146985 	
397.165383 	1514.031882 	1295.254056 	1683.819207 	
1475.209732 	2157.729298 	2098.130856 	1488.879334 	
796.368418 	2180.822762 	1708.231961 	2118.405778 	
1611.943954 	1563.944915 	2499.900000 	1570.831982 	
1995.410112 	0.018795 	0.950000 	
1995.410112 	0.018795 	0.950000 	
1995.410112 	0.018795 	0.950000 	
1995.410112 	0.018795 	0.950000 	
1995.410112 	0.018795 	0.950000 	
1995.410112 	0.018795 	0.950000 	
1995.410112 	0.018795 	0.950000 	
1995.410112 	0.018795 	0.950000 	
1995.410112 	0.018795 	0.950000 	
1995.410112 	0.018795 	0.950000 	
1995.410112 	0.018795 	0.950000 	
1995.410112 	0.018795 	0.950000 	
1995.410112 	0.018795 	0.950000 	
1995.410112 	0.018795 	0.950000 	
1995.410112 	0.018795 	0.950000 	
1995.410112 	0.018795 	0.950000 	
1995.410112 	0.018795 	0.950000 	
1995.410112 	0.018795 	0.950000 	
1995.410112 	0.018795 	0.950000 	
1995.410112 	0.018795 	0.950000 	
1995.410112 	0.018795 	0.950000 	
1995.410112 	0.018795 	0.950000 	
