13
636.773690 	318.983668 	1658.430552 	617.367040 	
1023.426366 	2380.636348 	2086.883196 	2337.335648 	
459.563010 	2499.900000 	1254.329465 	2015.841486 	
938.186013 	1056.320370 	1991.573791 	1208.601586 	
310.168413 	2215.660409 	1305.440826 	1838.502347 	
1390.044083 	2053.034762 	2308.205278 	2499.900000 	
1310.281033 	1670.885537 	2374.395439 	1692.700867 	
1628.159579 	882.989684 	2499.900000 	978.671714 	
631.744723 	1176.178073 	1645.607938 	852.300381 	
642.781798 	988.525493 	1684.749452 	1205.594116 	
917.638117 	1683.060886 	1981.630436 	1710.185118 	
1404.990938 	1117.554959 	2465.496388 	1207.796684 	
0.100000 	2449.915564 	840.366431 	2316.405277 	
1512.158772 	0.020331 	0.950000 	
1512.158772 	0.020331 	0.950000 	
1512.158772 	0.020331 	0.950000 	
1512.158772 	0.020331 	0.950000 	
1512.158772 	0.020331 	0.950000 	
1512.158772 	0.020331 	0.950000 	
1512.158772 	0.020331 	0.950000 	
1512.158772 	0.020331 	0.950000 	
1512.158772 	0.020331 	0.950000 	
1512.158772 	0.020331 	0.950000 	
1512.158772 	0.020331 	0.950000 	
1512.158772 	0.020331 	0.950000 	
1512.158772 	0.020331 	0.950000 	
