15
538.558100 	1467.499294 	1351.192482 	790.694558 	
1049.728036 	656.698986 	2092.739262 	481.865145 	
533.532536 	2223.622579 	1501.941869 	1798.625339 	
992.927058 	2332.198821 	2016.458952 	2499.900000 	
0.100000 	140.765107 	817.972981 	9.194644 	
1664.899545 	1000.665965 	2477.380409 	1677.654988 	
1412.676235 	0.100000 	2289.558390 	513.292855 	
1214.009890 	1971.195074 	2269.380047 	2039.262128 	
1350.700796 	2499.900000 	2401.750458 	2414.266416 	
541.038873 	0.100000 	1492.186402 	398.535318 	
1008.472225 	2499.900000 	1960.644705 	2118.383509 	
890.605937 	0.100000 	1911.373501 	183.712478 	
799.471461 	1846.945855 	1820.735358 	1572.247214 	
277.878724 	2042.127026 	1322.400299 	1876.555374 	
236.771315 	1473.232461 	1257.744523 	1197.455378 	
1844.381297 	0.017873 	0.950000 	
1844.381297 	0.017873 	0.950000 	
1844.381297 	0.017873 	0.950000 	
1844.381297 	0.017873 	0.950000 	
1844.381297 	0.017873 	0.950000 	
1844.381297 	0.017873 	0.950000 	
1844.381297 	0.017873 	0.950000 	
1844.381297 	0.017873 	0.950000 	
1844.381297 	0.017873 	0.950000 	
1844.381297 	0.017873 	0.950000 	
1844.381297 	0.017873 	0.950000 	
1844.381297 	0.017873 	0.950000 	
1844.381297 	0.017873 	0.950000 	
1844.381297 	0.017873 	0.950000 	
1844.381297 	0.017873 	0.950000 	
