22
1351.715594 	1070.961594 	2273.852494 	555.465850 	
38.845652 	120.954133 	1003.102954 	552.556011 	
1533.133753 	1039.278808 	2499.900000 	1213.308502 	
381.335341 	1150.739693 	1277.209003 	1710.634958 	
724.850240 	2044.584553 	1773.381464 	1915.531857 	
1322.549710 	863.981902 	2311.811843 	1234.701148 	
1126.078712 	1556.042638 	2082.169539 	1106.640084 	
23.762419 	2264.378650 	1075.484501 	2364.143310 	
1165.592451 	2022.156608 	2120.885468 	2473.252581 	
0.100000 	1495.095776 	1019.226453 	1229.071217 	
1613.981838 	2234.689863 	2499.900000 	2270.929888 	
1599.751203 	0.100000 	2445.896194 	445.838403 	
776.656771 	2181.676168 	1783.361681 	1861.336425 	
1130.022852 	1060.361817 	2087.612131 	614.161080 	
1710.470030 	382.356227 	2499.900000 	761.059359 	
0.100000 	2060.876466 	1029.119867 	2051.132572 	
1274.844209 	1091.859437 	2234.127996 	649.313458 	
1408.080797 	595.278370 	2400.126841 	232.074607 	
1289.515028 	0.100000 	2336.206280 	141.940044 	
105.984284 	2337.705887 	1157.546384 	2439.142939 	
584.087496 	1773.423956 	1630.477867 	1628.029603 	
0.100000 	2103.954937 	804.999557 	2198.855636 	
1853.806340 	0.019360 	0.950000 	
1853.806340 	0.019360 	0.950000 	
1853.806340 	0.019360 	0.950000 	
1853.806340 	0.019360 	0.950000 	
1853.806340 	0.019360 	0.950000 	
1853.806340 	0.019360 	0.950000 	
1853.806340 	0.019360 	0.950000 	
1853.806340 	0.019360 	0.950000 	
1853.806340 	0.019360 	0.950000 	
1853.806340 	0.019360 	0.950000 	
1853.806340 	0.019360 	0.950000 	
1853.806340 	0.019360 	0.950000 	
1853.806340 	0.019360 	0.950000 	
1853.806340 	0.019360 	0.950000 	
1853.806340 	0.019360 	0.950000 	
1853.806340 	0.019360 	0.950000 	
1853.806340 	0.019360 	0.950000 	
1853.806340 	0.019360 	0.950000 	
1853.806340 	0.019360 	0.950000 	
1853.806340 	0.019360 	0.950000 	
1853.806340 	0.019360 	0.950000 	
1853.806340 	0.019360 	0.950000 	
