21
1844.485460 	468.624216 	2499.900000 	25.275964 	
1140.017376 	2302.188463 	1953.265109 	2149.188814 	
1065.913270 	99.961215 	1892.770744 	66.984172 	
781.291678 	2166.317343 	1597.309810 	2028.857616 	
993.126638 	1235.109851 	1817.996153 	1301.223773 	
1674.937745 	398.479027 	2470.315164 	170.103178 	
590.683745 	1266.752935 	1414.197389 	1185.475350 	
294.932140 	1467.643474 	1120.126951 	1529.565127 	
830.825921 	542.273768 	1363.273564 	0.100000 	
495.376918 	2499.900000 	1099.007965 	2162.536091 	
761.172701 	1800.898339 	1517.090674 	1464.195524 	
1091.476106 	1139.857620 	1918.584082 	1165.803013 	
906.836452 	2126.479580 	1731.728563 	2192.310972 	
624.063633 	774.241508 	1417.705007 	539.903852 	
1636.889934 	1855.976482 	2356.910462 	2263.838232 	
477.223108 	644.359368 	1224.171832 	1000.517157 	
637.302322 	2382.004773 	1462.816540 	2324.497883 	
1177.135442 	210.941000 	1393.758616 	1009.599355 	
0.100000 	2451.928383 	783.156594 	2333.622443 	
329.447938 	1121.220672 	1096.020945 	1432.904152 	
73.341281 	1421.688484 	900.602686 	1401.210813 	
2375.966875 	0.017873 	0.950000 	
2375.966875 	0.017873 	0.950000 	
2375.966875 	0.017873 	0.950000 	
2375.966875 	0.017873 	0.950000 	
2375.966875 	0.017873 	0.950000 	
2375.966875 	0.017873 	0.950000 	
2375.966875 	0.017873 	0.950000 	
2375.966875 	0.017873 	0.950000 	
2375.966875 	0.017873 	0.950000 	
2375.966875 	0.017873 	0.950000 	
2375.966875 	0.017873 	0.950000 	
2375.966875 	0.017873 	0.950000 	
2375.966875 	0.017873 	0.950000 	
2375.966875 	0.017873 	0.950000 	
2375.966875 	0.017873 	0.950000 	
2375.966875 	0.017873 	0.950000 	
2375.966875 	0.017873 	0.950000 	
2375.966875 	0.017873 	0.950000 	
2375.966875 	0.017873 	0.950000 	
2375.966875 	0.017873 	0.950000 	
2375.966875 	0.017873 	0.950000 	
