26
1229.986725 	285.667817 	2130.193328 	133.699724 	
1520.062056 	2324.154574 	2404.667112 	2499.900000 	
378.508525 	1488.479795 	1247.522255 	1768.267867 	
1283.743114 	735.814271 	2140.460205 	420.374810 	
69.912899 	980.737590 	981.138671 	1036.718125 	
1553.862946 	37.142270 	2293.028181 	572.960321 	
71.176484 	650.948101 	983.230379 	691.246006 	
973.295288 	699.802983 	1879.542253 	589.427867 	
533.161974 	747.742135 	1431.465228 	910.584058 	
1409.708356 	429.802662 	2317.329823 	331.367403 	
807.984114 	790.983295 	1707.139030 	949.055004 	
773.355903 	328.292329 	1685.021452 	279.999943 	
1547.637412 	2213.668063 	2460.557481 	2207.097226 	
507.264636 	153.546698 	1405.302616 	317.845252 	
756.194044 	2092.381324 	1541.580182 	2499.900000 	
1727.756743 	916.973097 	2499.900000 	1078.126748 	
0.100000 	0.100000 	698.724840 	393.778883 	
1876.757232 	1182.282975 	2499.900000 	529.584541 	
179.027261 	1920.030301 	1077.800112 	1759.800494 	
1129.727550 	1944.462706 	2038.753650 	2028.948081 	
990.738385 	1509.305039 	1855.020073 	1215.224452 	
1199.866696 	1934.829995 	2000.582969 	1496.287320 	
528.907379 	2124.553640 	1415.180818 	2343.609840 	
1047.234382 	28.205659 	1933.879326 	245.753290 	
1418.774177 	707.391695 	2325.829363 	810.915203 	
0.100000 	44.900358 	739.497469 	186.057424 	
1900.462324 	0.019787 	0.950000 	
1900.462324 	0.019787 	0.950000 	
1900.462324 	0.019787 	0.950000 	
1900.462324 	0.019787 	0.950000 	
1900.462324 	0.019787 	0.950000 	
1900.462324 	0.019787 	0.950000 	
1900.462324 	0.019787 	0.950000 	
1900.462324 	0.019787 	0.950000 	
1900.462324 	0.019787 	0.950000 	
1900.462324 	0.019787 	0.950000 	
1900.462324 	0.019787 	0.950000 	
1900.462324 	0.019787 	0.950000 	
1900.462324 	0.019787 	0.950000 	
1900.462324 	0.019787 	0.950000 	
1900.462324 	0.019787 	0.950000 	
1900.462324 	0.019787 	0.950000 	
1900.462324 	0.019787 	0.950000 	
1900.462324 	0.019787 	0.950000 	
1900.462324 	0.019787 	0.950000 	
1900.462324 	0.019787 	0.950000 	
1900.462324 	0.019787 	0.950000 	
1900.462324 	0.019787 	0.950000 	
1900.462324 	0.019787 	0.950000 	
1900.462324 	0.019787 	0.950000 	
1900.462324 	0.019787 	0.950000 	
1900.462324 	0.019787 	0.950000 	
