26
1018.148938 	2308.214200 	1987.709066 	2125.289614 	
133.928529 	405.501817 	1091.172153 	644.652166 	
7.292958 	394.342112 	984.775110 	260.040627 	
938.318194 	1446.039047 	1881.556644 	1156.540390 	
434.265937 	2404.482511 	1379.877277 	2122.831237 	
370.987737 	1272.469076 	1201.757754 	740.182102 	
942.534483 	261.988316 	1758.421932 	816.817945 	
328.513199 	601.273208 	893.554385 	0.100000 	
1175.614078 	2499.900000 	2038.353399 	2093.281158 	
10.431341 	1853.898126 	712.322620 	1160.459679 	
0.100000 	1192.007884 	744.418683 	695.452982 	
597.660964 	2101.171108 	1048.412855 	1223.486098 	
0.100000 	1864.897636 	884.382827 	2096.053686 	
1557.874189 	825.895638 	2499.900000 	841.565011 	
1489.757698 	1925.957102 	2396.666090 	1537.337220 	
611.058595 	750.756865 	1471.735296 	268.321521 	
159.712430 	2499.900000 	1017.148632 	2152.698244 	
620.518531 	1833.419221 	1601.290722 	1725.743061 	
736.637018 	769.118631 	1428.235530 	65.414330 	
1220.473760 	1028.481253 	2194.580173 	1185.404612 	
569.921645 	1599.882426 	1555.973071 	1565.085416 	
1664.731632 	2391.025400 	2499.900000 	2258.810458 	
1596.730915 	1198.347915 	2499.900000 	1448.306932 	
1664.036214 	1499.410075 	2499.900000 	1632.962045 	
453.182254 	1768.619976 	1430.822558 	1635.474637 	
337.191862 	2302.029753 	1323.784973 	2313.957863 	
1874.792530 	0.022223 	0.950000 	
1874.792530 	0.022223 	0.950000 	
1874.792530 	0.022223 	0.950000 	
1874.792530 	0.022223 	0.950000 	
1874.792530 	0.022223 	0.950000 	
1874.792530 	0.022223 	0.950000 	
1874.792530 	0.022223 	0.950000 	
1874.792530 	0.022223 	0.950000 	
1874.792530 	0.022223 	0.950000 	
1874.792530 	0.022223 	0.950000 	
1874.792530 	0.022223 	0.950000 	
1874.792530 	0.022223 	0.950000 	
1874.792530 	0.022223 	0.950000 	
1874.792530 	0.022223 	0.950000 	
1874.792530 	0.022223 	0.950000 	
1874.792530 	0.022223 	0.950000 	
1874.792530 	0.022223 	0.950000 	
1874.792530 	0.022223 	0.950000 	
1874.792530 	0.022223 	0.950000 	
1874.792530 	0.022223 	0.950000 	
1874.792530 	0.022223 	0.950000 	
1874.792530 	0.022223 	0.950000 	
1874.792530 	0.022223 	0.950000 	
1874.792530 	0.022223 	0.950000 	
1874.792530 	0.022223 	0.950000 	
1874.792530 	0.022223 	0.950000 	
