23
42.322164 	2004.587899 	1069.285834 	1674.076135 	
51.294233 	835.457214 	1058.858091 	1221.083301 	
95.771260 	2345.287003 	1026.439092 	1799.622461 	
0.100000 	2171.137998 	942.170756 	2499.900000 	
634.316168 	871.816414 	1683.382078 	1123.516877 	
1097.959538 	0.100000 	2077.623233 	356.444059 	
1454.871700 	1713.368172 	2370.335028 	1142.562339 	
1292.774877 	1912.265097 	2368.165671 	1826.084781 	
1136.015956 	796.814412 	2214.827716 	804.403379 	
656.194585 	1211.083910 	1734.195436 	1253.587683 	
1159.386216 	372.136481 	2174.966393 	736.127292 	
1646.992038 	2201.622635 	2499.900000 	2494.746079 	
739.717548 	1069.151293 	1783.384701 	1342.375154 	
322.012147 	1312.203200 	1398.200314 	1387.777235 	
1402.880105 	222.697083 	2256.364630 	882.588416 	
187.744588 	308.540797 	1257.803266 	171.184213 	
179.611914 	128.993087 	1257.599419 	171.833996 	
653.753170 	2169.891040 	1705.044424 	1927.653334 	
949.511826 	1941.727958 	2028.035379 	1915.663565 	
962.989398 	337.609873 	1998.328202 	640.868782 	
17.278829 	2487.832907 	973.216777 	1987.757866 	
0.100000 	1670.343530 	1035.490755 	1751.157201 	
301.801615 	1795.621134 	1336.034350 	1488.611273 	
1606.923553 	0.016089 	0.950000 	
1606.923553 	0.016089 	0.950000 	
1606.923553 	0.016089 	0.950000 	
1606.923553 	0.016089 	0.950000 	
1606.923553 	0.016089 	0.950000 	
1606.923553 	0.016089 	0.950000 	
1606.923553 	0.016089 	0.950000 	
1606.923553 	0.016089 	0.950000 	
1606.923553 	0.016089 	0.950000 	
1606.923553 	0.016089 	0.950000 	
1606.923553 	0.016089 	0.950000 	
1606.923553 	0.016089 	0.950000 	
1606.923553 	0.016089 	0.950000 	
1606.923553 	0.016089 	0.950000 	
1606.923553 	0.016089 	0.950000 	
1606.923553 	0.016089 	0.950000 	
1606.923553 	0.016089 	0.950000 	
1606.923553 	0.016089 	0.950000 	
1606.923553 	0.016089 	0.950000 	
1606.923553 	0.016089 	0.950000 	
1606.923553 	0.016089 	0.950000 	
1606.923553 	0.016089 	0.950000 	
1606.923553 	0.016089 	0.950000 	
