18
152.618254 	1477.658691 	1250.322509 	1642.419040 	
1420.856622 	380.124585 	2266.976515 	1098.582471 	
1724.000739 	0.100000 	2499.900000 	381.310634 	
275.986456 	875.855345 	1349.256826 	592.674627 	
1201.433266 	883.085470 	2140.090635 	290.613573 	
1054.773509 	683.321968 	2103.794760 	1046.164937 	
566.262848 	2332.027114 	1593.079285 	1910.424681 	
713.289563 	554.759358 	1779.790046 	247.062552 	
1602.487222 	293.802366 	2499.900000 	495.519515 	
1697.633660 	1584.045712 	2499.900000 	959.250637 	
1261.303623 	1189.794007 	2170.389624 	1826.710994 	
464.812238 	381.088820 	1573.907780 	425.896022 	
0.100000 	1639.583301 	882.822227 	1537.688323 	
888.560158 	1936.725866 	1943.174186 	2282.977014 	
852.008809 	1782.881208 	1906.841758 	2128.464852 	
408.019894 	715.635584 	1512.710576 	607.196188 	
1506.595144 	553.929528 	2499.900000 	1019.565284 	
949.823789 	378.211465 	2048.296743 	537.766392 	
2052.694957 	0.019618 	0.950000 	
2052.694957 	0.019618 	0.950000 	
2052.694957 	0.019618 	0.950000 	
2052.694957 	0.019618 	0.950000 	
2052.694957 	0.019618 	0.950000 	
2052.694957 	0.019618 	0.950000 	
2052.694957 	0.019618 	0.950000 	
2052.694957 	0.019618 	0.950000 	
2052.694957 	0.019618 	0.950000 	
2052.694957 	0.019618 	0.950000 	
2052.694957 	0.019618 	0.950000 	
2052.694957 	0.019618 	0.950000 	
2052.694957 	0.019618 	0.950000 	
2052.694957 	0.019618 	0.950000 	
2052.694957 	0.019618 	0.950000 	
2052.694957 	0.019618 	0.950000 	
2052.694957 	0.019618 	0.950000 	
2052.694957 	0.019618 	0.950000 	
