26
442.262717 	632.060447 	1510.651767 	636.530064 	
531.676316 	2355.248062 	1598.801463 	2407.392665 	
578.402146 	401.860230 	1396.396748 	1089.144719 	
654.958709 	446.177562 	1718.636332 	345.852826 	
752.664860 	726.639614 	1760.990513 	1079.845670 	
1568.337005 	2034.701488 	2499.900000 	1673.443976 	
152.398367 	1922.216271 	1173.325722 	1607.283779 	
423.377628 	1574.679327 	1431.037074 	1929.781537 	
881.270925 	0.100000 	1915.231563 	150.101209 	
735.120782 	720.230070 	1712.608975 	1151.497936 	
256.668266 	2385.205077 	1292.207677 	2122.273020 	
917.107696 	587.951473 	1901.266156 	1003.772667 	
1473.673251 	1456.668215 	2499.900000 	1528.746402 	
0.100000 	754.446471 	906.006813 	734.529441 	
710.831361 	0.100000 	1552.674515 	641.464229 	
0.100000 	685.174611 	869.887219 	1256.603732 	
1037.757730 	2457.304387 	1715.192732 	1631.134333 	
799.648043 	2378.399169 	1857.594279 	2499.900000 	
1281.417770 	2330.042239 	2290.813831 	1979.906938 	
185.673108 	272.247057 	1246.687981 	146.857354 	
907.008404 	975.960952 	1942.438566 	712.598999 	
738.809607 	272.188898 	1597.085860 	908.456934 	
1499.961237 	544.347365 	2443.964850 	1044.679574 	
1050.123159 	2345.555472 	2093.221219 	2499.900000 	
443.810586 	1224.934062 	1471.706079 	1516.320394 	
418.796464 	1777.532571 	1469.948728 	1968.723725 	
2050.257916 	0.019643 	0.950000 	
2050.257916 	0.019643 	0.950000 	
2050.257916 	0.019643 	0.950000 	
2050.257916 	0.019643 	0.950000 	
2050.257916 	0.019643 	0.950000 	
2050.257916 	0.019643 	0.950000 	
2050.257916 	0.019643 	0.950000 	
2050.257916 	0.019643 	0.950000 	
2050.257916 	0.019643 	0.950000 	
2050.257916 	0.019643 	0.950000 	
2050.257916 	0.019643 	0.950000 	
2050.257916 	0.019643 	0.950000 	
2050.257916 	0.019643 	0.950000 	
2050.257916 	0.019643 	0.950000 	
2050.257916 	0.019643 	0.950000 	
2050.257916 	0.019643 	0.950000 	
2050.257916 	0.019643 	0.950000 	
2050.257916 	0.019643 	0.950000 	
2050.257916 	0.019643 	0.950000 	
2050.257916 	0.019643 	0.950000 	
2050.257916 	0.019643 	0.950000 	
2050.257916 	0.019643 	0.950000 	
2050.257916 	0.019643 	0.950000 	
2050.257916 	0.019643 	0.950000 	
2050.257916 	0.019643 	0.950000 	
2050.257916 	0.019643 	0.950000 	
