21
1488.121765 	1146.233504 	2452.639199 	1067.466385 	
564.905368 	714.926331 	1524.007673 	843.848430 	
734.201501 	232.329795 	1683.474916 	44.239065 	
969.568790 	2140.755008 	1790.415583 	1628.203859 	
748.107476 	381.222411 	1710.370082 	278.514988 	
312.953157 	806.678029 	1266.293373 	972.932567 	
1755.142557 	1085.219315 	2499.900000 	894.135505 	
134.754587 	2248.801043 	1099.948198 	2178.805094 	
1495.466018 	0.100000 	2451.160882 	129.167041 	
0.100000 	2008.505420 	788.321570 	2211.898176 	
449.991551 	857.648803 	1377.840527 	582.704416 	
1266.314459 	676.757031 	2228.673524 	574.957382 	
1082.872399 	1058.727870 	1994.593434 	1383.170305 	
108.687715 	1759.918060 	1068.264135 	1885.262517 	
1736.761994 	750.864839 	2499.900000 	262.215641 	
939.346519 	264.354669 	1733.734423 	817.026359 	
283.079990 	2499.900000 	1222.573914 	2324.809020 	
941.373383 	1614.168425 	1872.915857 	1352.010537 	
1670.751403 	1017.639072 	2491.154993 	504.378818 	
1557.777239 	2440.082348 	2499.900000 	2398.432068 	
731.542613 	2259.435922 	1698.483857 	2220.413231 	
1832.082523 	0.016679 	0.950000 	
1832.082523 	0.016679 	0.950000 	
1832.082523 	0.016679 	0.950000 	
1832.082523 	0.016679 	0.950000 	
1832.082523 	0.016679 	0.950000 	
1832.082523 	0.016679 	0.950000 	
1832.082523 	0.016679 	0.950000 	
1832.082523 	0.016679 	0.950000 	
1832.082523 	0.016679 	0.950000 	
1832.082523 	0.016679 	0.950000 	
1832.082523 	0.016679 	0.950000 	
1832.082523 	0.016679 	0.950000 	
1832.082523 	0.016679 	0.950000 	
1832.082523 	0.016679 	0.950000 	
1832.082523 	0.016679 	0.950000 	
1832.082523 	0.016679 	0.950000 	
1832.082523 	0.016679 	0.950000 	
1832.082523 	0.016679 	0.950000 	
1832.082523 	0.016679 	0.950000 	
1832.082523 	0.016679 	0.950000 	
1832.082523 	0.016679 	0.950000 	
