17
0.100000 	2499.900000 	774.485353 	1870.311610 	
751.049751 	0.100000 	1750.553351 	190.865289 	
765.027237 	1678.483707 	1466.025621 	879.161754 	
1534.270808 	1608.442512 	2499.900000 	1783.875660 	
982.343906 	1475.773561 	2038.389499 	1352.964673 	
1689.920252 	1271.925575 	2499.900000 	1120.367659 	
905.919856 	667.535849 	1934.881502 	935.028372 	
1403.463681 	1567.162349 	2459.082390 	1440.736643 	
658.154029 	2330.172003 	1717.101093 	2235.591709 	
839.697522 	1884.706660 	1841.191797 	1527.882424 	
127.732330 	2139.410114 	1088.684154 	2499.900000 	
1027.139518 	45.912713 	2010.707270 	449.532330 	
1663.533180 	1136.006649 	2499.900000 	1419.137972 	
797.972560 	165.223460 	1838.082446 	385.418240 	
699.130950 	1213.558355 	1719.326059 	1512.751031 	
1325.384755 	1578.826953 	2349.279577 	1865.102542 	
0.100000 	286.601415 	960.655239 	450.483527 	
1858.179322 	0.020059 	0.950000 	
1858.179322 	0.020059 	0.950000 	
1858.179322 	0.020059 	0.950000 	
1858.179322 	0.020059 	0.950000 	
1858.179322 	0.020059 	0.950000 	
1858.179322 	0.020059 	0.950000 	
1858.179322 	0.020059 	0.950000 	
1858.179322 	0.020059 	0.950000 	
1858.179322 	0.020059 	0.950000 	
1858.179322 	0.020059 	0.950000 	
1858.179322 	0.020059 	0.950000 	
1858.179322 	0.020059 	0.950000 	
1858.179322 	0.020059 	0.950000 	
1858.179322 	0.020059 	0.950000 	
1858.179322 	0.020059 	0.950000 	
1858.179322 	0.020059 	0.950000 	
1858.179322 	0.020059 	0.950000 	
