25
288.748789 	1264.288624 	1296.937708 	954.940560 	
90.296057 	366.317472 	812.705990 	1134.604534 	
926.724478 	1407.363731 	1604.670846 	599.570538 	
902.094521 	1990.965233 	1940.341982 	2175.852584 	
1248.483699 	1008.942009 	2303.064684 	1009.201304 	
0.100000 	1129.740058 	920.134307 	821.139633 	
1052.534541 	817.751444 	2093.850231 	984.493022 	
782.083080 	512.369085 	1785.832979 	188.907712 	
94.576152 	475.656522 	1089.615918 	824.994448 	
1600.007009 	203.192970 	2499.900000 	230.882534 	
1009.224069 	1389.987775 	1852.708639 	756.998911 	
825.496457 	1072.786071 	1437.042266 	213.627853 	
1609.819300 	802.538514 	2499.900000 	685.238406 	
1087.020585 	832.813213 	2036.634696 	1291.478845 	
627.934818 	260.535698 	1679.848020 	335.500599 	
1402.223987 	1226.434755 	2456.565696 	1248.899864 	
807.071044 	1625.332346 	1823.422966 	1906.703792 	
907.473294 	883.277077 	1808.074969 	334.589786 	
1163.308620 	1682.702015 	2056.953501 	2242.648394 	
489.241183 	366.533124 	1479.518439 	3.914760 	
201.348687 	976.889050 	1255.813737 	992.528085 	
885.921557 	83.512822 	1929.772413 	0.100000 	
1457.392730 	520.741893 	2499.900000 	582.642566 	
682.668403 	367.890706 	1444.438638 	0.100000 	
39.572374 	175.901257 	910.888190 	769.997098 	
2401.985499 	0.022833 	0.950000 	
2401.985499 	0.022833 	0.950000 	
2401.985499 	0.022833 	0.950000 	
2401.985499 	0.022833 	0.950000 	
2401.985499 	0.022833 	0.950000 	
2401.985499 	0.022833 	0.950000 	
2401.985499 	0.022833 	0.950000 	
2401.985499 	0.022833 	0.950000 	
2401.985499 	0.022833 	0.950000 	
2401.985499 	0.022833 	0.950000 	
2401.985499 	0.022833 	0.950000 	
2401.985499 	0.022833 	0.950000 	
2401.985499 	0.022833 	0.950000 	
2401.985499 	0.022833 	0.950000 	
2401.985499 	0.022833 	0.950000 	
2401.985499 	0.022833 	0.950000 	
2401.985499 	0.022833 	0.950000 	
2401.985499 	0.022833 	0.950000 	
2401.985499 	0.022833 	0.950000 	
2401.985499 	0.022833 	0.950000 	
2401.985499 	0.022833 	0.950000 	
2401.985499 	0.022833 	0.950000 	
2401.985499 	0.022833 	0.950000 	
2401.985499 	0.022833 	0.950000 	
2401.985499 	0.022833 	0.950000 	
