24
0.100000 	837.419126 	859.967451 	772.235337 	
166.915980 	134.475096 	1009.868476 	642.608879 	
1159.637666 	793.521687 	2079.081304 	1144.794016 	
871.614944 	2306.539783 	1846.654306 	2172.125887 	
0.100000 	2167.445899 	751.450049 	2271.388440 	
343.909685 	885.967488 	1308.430926 	1082.099151 	
723.604003 	2093.620105 	1282.842256 	1283.668606 	
65.091686 	748.047928 	1020.880448 	513.023045 	
0.100000 	2451.086188 	885.275446 	2298.852355 	
728.250840 	1775.562922 	1614.720665 	1347.847945 	
675.958094 	895.620916 	1305.619423 	139.118791 	
1433.520131 	114.721478 	2364.709943 	433.554328 	
847.167599 	1532.098510 	1802.975025 	1297.149542 	
1444.124450 	467.218305 	2325.939882 	904.448676 	
713.065415 	358.762167 	1628.457892 	0.100000 	
0.100000 	216.193883 	736.126180 	576.052618 	
0.100000 	0.100000 	733.438539 	258.025764 	
102.170953 	1594.874272 	1062.736183 	1809.544468 	
530.069308 	2149.482869 	1433.686047 	1759.296193 	
1195.496739 	2052.845957 	2177.345167 	1983.980025 	
85.073390 	752.939260 	1052.621157 	572.328706 	
349.963720 	2420.893377 	1265.122163 	2058.603609 	
1055.242685 	1605.533293 	2024.511106 	1434.397147 	
428.685498 	328.569488 	1220.131099 	0.100000 	
1960.508349 	0.018337 	0.950000 	
1960.508349 	0.018337 	0.950000 	
1960.508349 	0.018337 	0.950000 	
1960.508349 	0.018337 	0.950000 	
1960.508349 	0.018337 	0.950000 	
1960.508349 	0.018337 	0.950000 	
1960.508349 	0.018337 	0.950000 	
1960.508349 	0.018337 	0.950000 	
1960.508349 	0.018337 	0.950000 	
1960.508349 	0.018337 	0.950000 	
1960.508349 	0.018337 	0.950000 	
1960.508349 	0.018337 	0.950000 	
1960.508349 	0.018337 	0.950000 	
1960.508349 	0.018337 	0.950000 	
1960.508349 	0.018337 	0.950000 	
1960.508349 	0.018337 	0.950000 	
1960.508349 	0.018337 	0.950000 	
1960.508349 	0.018337 	0.950000 	
1960.508349 	0.018337 	0.950000 	
1960.508349 	0.018337 	0.950000 	
1960.508349 	0.018337 	0.950000 	
1960.508349 	0.018337 	0.950000 	
1960.508349 	0.018337 	0.950000 	
1960.508349 	0.018337 	0.950000 	
