24
850.416310 	1140.892946 	1763.716232 	858.020300 	
173.914106 	899.820413 	988.680812 	399.531601 	
1048.568344 	2253.524467 	1859.359421 	1746.817934 	
306.649155 	987.446082 	1245.235983 	1169.623055 	
1081.265748 	2309.890785 	2035.050646 	2243.347187 	
1151.793431 	491.386432 	2105.064581 	417.848709 	
1340.602922 	406.642274 	2152.003449 	912.372308 	
676.162040 	309.227723 	1626.004354 	418.467179 	
0.100000 	303.073573 	894.252840 	377.269221 	
319.849162 	1894.110287 	1096.058712 	2452.350751 	
1622.280323 	1597.784698 	2499.900000 	1300.738239 	
94.481075 	1245.497962 	1015.031001 	1503.803047 	
1449.058404 	208.410402 	2354.209506 	516.363589 	
850.820930 	2178.260734 	1802.548811 	2086.894855 	
1765.931244 	1514.698370 	2499.900000 	1595.577287 	
0.100000 	1088.679270 	835.170881 	666.082634 	
705.062764 	1491.404159 	1565.650315 	1074.843541 	
0.100000 	984.837471 	940.951869 	1024.202698 	
1714.844375 	56.138265 	2499.900000 	323.695194 	
7.168820 	193.614070 	511.368076 	1005.966698 	
1338.069339 	432.066837 	2261.572520 	184.527838 	
1407.847718 	424.633443 	2361.365164 	494.905498 	
1509.588546 	615.365322 	2465.190275 	584.397307 	
72.065130 	1372.194465 	765.678252 	714.140881 	
1641.064232 	0.021681 	0.950000 	
1641.064232 	0.021681 	0.950000 	
1641.064232 	0.021681 	0.950000 	
1641.064232 	0.021681 	0.950000 	
1641.064232 	0.021681 	0.950000 	
1641.064232 	0.021681 	0.950000 	
1641.064232 	0.021681 	0.950000 	
1641.064232 	0.021681 	0.950000 	
1641.064232 	0.021681 	0.950000 	
1641.064232 	0.021681 	0.950000 	
1641.064232 	0.021681 	0.950000 	
1641.064232 	0.021681 	0.950000 	
1641.064232 	0.021681 	0.950000 	
1641.064232 	0.021681 	0.950000 	
1641.064232 	0.021681 	0.950000 	
1641.064232 	0.021681 	0.950000 	
1641.064232 	0.021681 	0.950000 	
1641.064232 	0.021681 	0.950000 	
1641.064232 	0.021681 	0.950000 	
1641.064232 	0.021681 	0.950000 	
1641.064232 	0.021681 	0.950000 	
1641.064232 	0.021681 	0.950000 	
1641.064232 	0.021681 	0.950000 	
1641.064232 	0.021681 	0.950000 	
