18
1418.773403 	0.100000 	2293.087861 	247.366755 	
1843.348083 	1514.867901 	2499.900000 	1943.257825 	
1793.696804 	2259.166001 	2499.900000 	2499.900000 	
45.426251 	714.445390 	962.721517 	701.894102 	
264.744007 	424.641656 	1164.216576 	244.260844 	
0.100000 	1925.285964 	703.978892 	1501.112459 	
1006.671287 	2252.297366 	1923.059155 	2294.975413 	
45.104037 	1358.405380 	898.133249 	1695.939532 	
610.333253 	2311.184594 	1519.504778 	2188.729388 	
1560.525063 	514.779655 	2475.782163 	452.389104 	
900.943214 	1776.129442 	1791.587896 	1995.993466 	
555.460457 	713.004305 	1420.551850 	1018.299278 	
277.194478 	1288.821131 	1056.189453 	804.305941 	
674.609298 	353.319756 	1589.163808 	425.279395 	
1705.057365 	2012.262442 	2499.900000 	2082.740477 	
40.168869 	1589.515922 	955.934797 	1535.101718 	
760.738832 	1688.860496 	1622.314151 	2003.941612 	
1509.785106 	2078.158266 	2417.800205 	1947.403837 	
2055.202261 	0.020920 	0.950000 	
2055.202261 	0.020920 	0.950000 	
2055.202261 	0.020920 	0.950000 	
2055.202261 	0.020920 	0.950000 	
2055.202261 	0.020920 	0.950000 	
2055.202261 	0.020920 	0.950000 	
2055.202261 	0.020920 	0.950000 	
2055.202261 	0.020920 	0.950000 	
2055.202261 	0.020920 	0.950000 	
2055.202261 	0.020920 	0.950000 	
2055.202261 	0.020920 	0.950000 	
2055.202261 	0.020920 	0.950000 	
2055.202261 	0.020920 	0.950000 	
2055.202261 	0.020920 	0.950000 	
2055.202261 	0.020920 	0.950000 	
2055.202261 	0.020920 	0.950000 	
2055.202261 	0.020920 	0.950000 	
2055.202261 	0.020920 	0.950000 	
