10
1696.884508 	1448.841808 	2499.900000 	1796.735567 	
1701.499460 	1733.873823 	2499.900000 	1924.738105 	
929.883195 	1623.065696 	1870.951185 	1615.664120 	
0.100000 	1133.734206 	840.063769 	1120.884326 	
271.936817 	1512.606957 	1167.182836 	1222.437504 	
522.919966 	557.545843 	1389.714319 	924.058185 	
1422.483282 	1886.337247 	2362.292878 	1837.126788 	
0.100000 	602.695488 	732.952620 	342.079587 	
0.100000 	1478.781361 	741.876476 	1955.095806 	
119.263373 	500.258068 	1056.696744 	417.297711 	
1941.249280 	0.018304 	0.950000 	
1941.249280 	0.018304 	0.950000 	
1941.249280 	0.018304 	0.950000 	
1941.249280 	0.018304 	0.950000 	
1941.249280 	0.018304 	0.950000 	
1941.249280 	0.018304 	0.950000 	
1941.249280 	0.018304 	0.950000 	
1941.249280 	0.018304 	0.950000 	
1941.249280 	0.018304 	0.950000 	
1941.249280 	0.018304 	0.950000 	
