16
437.053256 	918.444417 	1396.437491 	979.423010 	
1858.875276 	854.520602 	2499.900000 	1528.352802 	
903.476851 	2132.042407 	1818.297303 	2427.406656 	
1501.282088 	0.100000 	2383.932464 	227.571514 	
777.578750 	7.320728 	1354.675227 	776.148508 	
743.676607 	964.852796 	1604.396048 	1392.986587 	
1427.804539 	1282.708718 	2377.422345 	1432.249756 	
1886.084242 	0.100000 	2499.900000 	482.536878 	
847.249123 	1812.264726 	1748.541474 	1477.886802 	
1637.356881 	2351.313294 	2499.900000 	2096.863223 	
1390.615827 	0.100000 	2065.471619 	616.392105 	
911.830352 	1009.127625 	1857.889873 	1179.737946 	
1706.960934 	708.522227 	2499.900000 	692.628221 	
1426.097718 	2377.100354 	2371.899962 	2499.900000 	
1691.142036 	1571.665872 	2499.900000 	1472.127664 	
1065.188303 	689.365920 	2020.195959 	579.380115 	
1889.201413 	0.018113 	0.950000 	
1889.201413 	0.018113 	0.950000 	
1889.201413 	0.018113 	0.950000 	
1889.201413 	0.018113 	0.950000 	
1889.201413 	0.018113 	0.950000 	
1889.201413 	0.018113 	0.950000 	
1889.201413 	0.018113 	0.950000 	
1889.201413 	0.018113 	0.950000 	
1889.201413 	0.018113 	0.950000 	
1889.201413 	0.018113 	0.950000 	
1889.201413 	0.018113 	0.950000 	
1889.201413 	0.018113 	0.950000 	
1889.201413 	0.018113 	0.950000 	
1889.201413 	0.018113 	0.950000 	
1889.201413 	0.018113 	0.950000 	
1889.201413 	0.018113 	0.950000 	
