21
0.100000 	1949.219920 	953.068939 	1772.686630 	
1458.145493 	0.100000 	2425.384528 	265.607230 	
1646.368322 	775.478495 	2491.214137 	1373.234222 	
0.100000 	0.100000 	729.653663 	335.944178 	
782.020653 	2486.279787 	1812.710162 	2392.708978 	
1037.713855 	1237.849747 	2063.667240 	1373.849794 	
509.412888 	2191.777014 	1531.168515 	2356.372879 	
1046.490104 	1083.222265 	2050.718094 	833.017342 	
1258.248129 	2213.464877 	2293.165790 	2208.796308 	
897.721813 	756.311091 	1905.022113 	518.776956 	
996.562810 	2258.654646 	2031.113785 	2286.594563 	
388.972860 	1930.595639 	1223.843156 	2499.900000 	
1413.603890 	1034.265559 	2445.741802 	958.320246 	
607.366941 	1709.016554 	1599.972884 	1416.083455 	
1069.655948 	1152.538606 	1956.833565 	1685.447825 	
1429.586607 	2062.320970 	2404.281319 	2410.238458 	
283.882012 	641.424266 	1296.859843 	429.404753 	
555.658693 	157.329478 	1547.544252 	0.100000 	
918.459357 	1929.194145 	1798.559012 	2473.713160 	
620.305883 	581.429542 	1655.155544 	594.178634 	
0.100000 	574.549576 	946.863612 	649.773535 	
1874.188413 	0.022178 	0.950000 	
1874.188413 	0.022178 	0.950000 	
1874.188413 	0.022178 	0.950000 	
1874.188413 	0.022178 	0.950000 	
1874.188413 	0.022178 	0.950000 	
1874.188413 	0.022178 	0.950000 	
1874.188413 	0.022178 	0.950000 	
1874.188413 	0.022178 	0.950000 	
1874.188413 	0.022178 	0.950000 	
1874.188413 	0.022178 	0.950000 	
1874.188413 	0.022178 	0.950000 	
1874.188413 	0.022178 	0.950000 	
1874.188413 	0.022178 	0.950000 	
1874.188413 	0.022178 	0.950000 	
1874.188413 	0.022178 	0.950000 	
1874.188413 	0.022178 	0.950000 	
1874.188413 	0.022178 	0.950000 	
1874.188413 	0.022178 	0.950000 	
1874.188413 	0.022178 	0.950000 	
1874.188413 	0.022178 	0.950000 	
1874.188413 	0.022178 	0.950000 	
