24
1723.475944 	1912.642666 	2499.900000 	2089.699208 	
163.610032 	2340.121590 	1125.505736 	2249.278870 	
20.534373 	172.324855 	924.205562 	514.193437 	
391.933181 	1430.259913 	1297.483992 	1093.401675 	
560.526077 	985.009327 	1525.148066 	1039.783074 	
679.255667 	182.098765 	1503.767066 	685.762043 	
391.202610 	1473.913162 	1354.698820 	1402.004901 	
1180.880168 	1672.713708 	2094.492516 	1358.375955 	
84.646363 	202.190694 	782.840970 	870.038008 	
573.358629 	1346.600302 	1534.995847 	1253.060973 	
364.520102 	2389.605078 	1316.203114 	2499.900000 	
403.761823 	1374.721725 	1322.225293 	1074.854087 	
0.100000 	1682.737094 	941.132237 	1791.628962 	
962.668797 	940.453238 	1912.641621 	1116.655899 	
332.367890 	86.076476 	1298.542175 	87.807224 	
81.310796 	670.385814 	1039.575688 	793.771966 	
0.100000 	1783.512081 	681.356091 	2223.696608 	
405.699179 	1119.333134 	1228.682490 	613.176819 	
870.106990 	169.335114 	1833.136510 	247.244610 	
1649.030648 	1618.177594 	2334.578118 	937.354260 	
0.100000 	911.694224 	817.564706 	922.472815 	
1708.656596 	1516.550965 	2410.231330 	2180.846560 	
61.479385 	1137.345948 	962.416961 	1486.354872 	
1434.371765 	2012.615817 	2400.544028 	2009.988570 	
2105.653157 	0.022114 	0.950000 	
2105.653157 	0.022114 	0.950000 	
2105.653157 	0.022114 	0.950000 	
2105.653157 	0.022114 	0.950000 	
2105.653157 	0.022114 	0.950000 	
2105.653157 	0.022114 	0.950000 	
2105.653157 	0.022114 	0.950000 	
2105.653157 	0.022114 	0.950000 	
2105.653157 	0.022114 	0.950000 	
2105.653157 	0.022114 	0.950000 	
2105.653157 	0.022114 	0.950000 	
2105.653157 	0.022114 	0.950000 	
2105.653157 	0.022114 	0.950000 	
2105.653157 	0.022114 	0.950000 	
2105.653157 	0.022114 	0.950000 	
2105.653157 	0.022114 	0.950000 	
2105.653157 	0.022114 	0.950000 	
2105.653157 	0.022114 	0.950000 	
2105.653157 	0.022114 	0.950000 	
2105.653157 	0.022114 	0.950000 	
2105.653157 	0.022114 	0.950000 	
2105.653157 	0.022114 	0.950000 	
2105.653157 	0.022114 	0.950000 	
2105.653157 	0.022114 	0.950000 	
