13
0.100000 	2084.848528 	859.640914 	1756.375768 	
944.564521 	1553.132068 	1884.160820 	1524.527332 	
86.121597 	2297.212003 	1026.153193 	2297.400434 	
0.100000 	1486.626122 	865.790676 	1526.060184 	
944.647683 	1812.874025 	1877.611425 	1697.817116 	
406.901097 	1642.580022 	1241.157912 	2075.794754 	
533.489341 	1127.090739 	1414.190996 	798.420645 	
1231.140641 	591.150780 	2168.158134 	666.368166 	
1531.664716 	0.100000 	2401.581996 	270.016835 	
480.908184 	1111.305107 	1410.754563 	1249.309265 	
1717.432594 	1726.370739 	2499.900000 	1498.990903 	
1687.648909 	675.181751 	2499.900000 	719.667951 	
195.705167 	1353.084009 	1128.444341 	1236.220540 	
2270.630782 	0.019605 	0.950000 	
2270.630782 	0.019605 	0.950000 	
2270.630782 	0.019605 	0.950000 	
2270.630782 	0.019605 	0.950000 	
2270.630782 	0.019605 	0.950000 	
2270.630782 	0.019605 	0.950000 	
2270.630782 	0.019605 	0.950000 	
2270.630782 	0.019605 	0.950000 	
2270.630782 	0.019605 	0.950000 	
2270.630782 	0.019605 	0.950000 	
2270.630782 	0.019605 	0.950000 	
2270.630782 	0.019605 	0.950000 	
2270.630782 	0.019605 	0.950000 	
