25
1652.172965 	2322.646482 	2499.900000 	2499.900000 	
775.116957 	2422.623686 	1706.774765 	2240.381891 	
993.744739 	1148.646853 	1943.003280 	1158.969884 	
0.100000 	2198.158731 	729.919795 	2326.452116 	
952.502585 	925.964387 	1898.412473 	1006.293881 	
1473.134780 	1168.108120 	2136.714910 	1846.974641 	
1180.856043 	1680.474865 	1947.876692 	1121.120178 	
858.518186 	1958.087610 	1754.740588 	2271.111168 	
1477.480685 	498.780306 	2325.611961 	925.244468 	
1712.919101 	1767.398152 	2499.900000 	1549.194336 	
411.778694 	1413.838691 	1343.167133 	1597.452191 	
1369.802662 	1657.743679 	2318.537568 	1624.571055 	
384.247525 	962.219381 	1256.455667 	587.451052 	
0.100000 	810.349341 	754.076206 	847.869694 	
61.895004 	181.323416 	814.704013 	759.663228 	
438.607683 	325.804260 	1376.284401 	177.612776 	
400.814544 	600.622008 	1321.450744 	832.197763 	
0.100000 	1089.390711 	715.420694 	684.740397 	
130.508854 	1507.472925 	1018.320781 	1171.335566 	
718.409861 	2499.900000 	1557.547992 	2255.133385 	
1382.243576 	323.942186 	2184.836542 	0.100000 	
1169.997922 	1945.530333 	2055.025819 	1602.129745 	
1233.731030 	2427.117113 	2124.415882 	2098.667975 	
702.038672 	2246.559744 	1637.084840 	2082.587162 	
1709.356972 	583.444291 	2467.716658 	12.402323 	
1845.016263 	0.018413 	0.950000 	
1845.016263 	0.018413 	0.950000 	
1845.016263 	0.018413 	0.950000 	
1845.016263 	0.018413 	0.950000 	
1845.016263 	0.018413 	0.950000 	
1845.016263 	0.018413 	0.950000 	
1845.016263 	0.018413 	0.950000 	
1845.016263 	0.018413 	0.950000 	
1845.016263 	0.018413 	0.950000 	
1845.016263 	0.018413 	0.950000 	
1845.016263 	0.018413 	0.950000 	
1845.016263 	0.018413 	0.950000 	
1845.016263 	0.018413 	0.950000 	
1845.016263 	0.018413 	0.950000 	
1845.016263 	0.018413 	0.950000 	
1845.016263 	0.018413 	0.950000 	
1845.016263 	0.018413 	0.950000 	
1845.016263 	0.018413 	0.950000 	
1845.016263 	0.018413 	0.950000 	
1845.016263 	0.018413 	0.950000 	
1845.016263 	0.018413 	0.950000 	
1845.016263 	0.018413 	0.950000 	
1845.016263 	0.018413 	0.950000 	
1845.016263 	0.018413 	0.950000 	
1845.016263 	0.018413 	0.950000 	
