19
540.037707 	533.743048 	1554.164029 	565.095052 	
1417.774730 	1395.377906 	2407.757289 	1617.570788 	
113.752245 	493.351555 	1126.252577 	427.943429 	
797.204850 	268.142465 	1705.938180 	719.406112 	
62.798513 	2407.780612 	942.459407 	1902.180120 	
1690.693504 	0.100000 	2267.820308 	731.364008 	
1345.843817 	1357.049066 	2220.738937 	1870.852213 	
873.781866 	1142.380386 	1883.632276 	1044.210665 	
525.074718 	1474.256714 	1533.202769 	1588.768623 	
752.469018 	2014.175735 	1708.081635 	1673.236339 	
1550.014000 	939.521121 	2497.602383 	576.876115 	
1553.017990 	92.249995 	2499.900000 	122.588572 	
777.003344 	1897.273023 	1716.552477 	2280.264631 	
834.310678 	742.862603 	1782.597123 	1103.678295 	
1729.676478 	1276.591398 	2409.126398 	2030.105134 	
904.038692 	2304.034718 	1910.355096 	2174.564872 	
1296.209003 	729.619272 	2306.931411 	640.876057 	
1330.893510 	2499.900000 	1814.685012 	2048.825536 	
685.728472 	2147.201648 	1692.900484 	2024.565259 	
2007.546534 	0.018705 	0.950000 	
2007.546534 	0.018705 	0.950000 	
2007.546534 	0.018705 	0.950000 	
2007.546534 	0.018705 	0.950000 	
2007.546534 	0.018705 	0.950000 	
2007.546534 	0.018705 	0.950000 	
2007.546534 	0.018705 	0.950000 	
2007.546534 	0.018705 	0.950000 	
2007.546534 	0.018705 	0.950000 	
2007.546534 	0.018705 	0.950000 	
2007.546534 	0.018705 	0.950000 	
2007.546534 	0.018705 	0.950000 	
2007.546534 	0.018705 	0.950000 	
2007.546534 	0.018705 	0.950000 	
2007.546534 	0.018705 	0.950000 	
2007.546534 	0.018705 	0.950000 	
2007.546534 	0.018705 	0.950000 	
2007.546534 	0.018705 	0.950000 	
2007.546534 	0.018705 	0.950000 	
