38
876.381966 	1881.389960 	1119.008698 	2499.900000 	
939.484280 	1321.606643 	1886.844052 	1779.693537 	
0.100000 	1340.572154 	983.442473 	1660.738573 	
0.100000 	684.648496 	826.562526 	178.374012 	
1697.184510 	345.596434 	2499.900000 	106.137256 	
308.986147 	764.877899 	1330.308760 	511.433114 	
925.381188 	2036.636002 	1954.516007 	2256.216654 	
1657.607897 	2178.470827 	2499.900000 	2376.864440 	
95.884102 	1726.678236 	1147.228951 	1771.490600 	
114.620605 	1883.055948 	1157.538659 	1742.855827 	
441.533021 	761.825778 	1425.043398 	387.604616 	
1589.647214 	1439.034082 	2499.900000 	1441.233200 	
556.958665 	1798.972902 	1505.711481 	2254.167623 	
277.675823 	921.721592 	1315.191009 	1097.495250 	
29.073441 	2433.725074 	1078.714878 	2499.900000 	
535.508096 	90.653862 	1552.927275 	359.340213 	
487.082662 	682.692909 	1511.807206 	922.012254 	
88.572175 	1590.528883 	935.886653 	966.515811 	
593.946009 	147.636823 	1646.216863 	155.395010 	
0.100000 	1901.821323 	951.832184 	1726.618294 	
1112.214368 	1768.371473 	1846.293465 	1014.407270 	
0.100000 	1585.618694 	728.110312 	1061.180818 	
874.516926 	2140.876679 	1918.524607 	2009.035482 	
1330.710215 	1979.319335 	2328.209217 	2314.475835 	
196.715325 	2019.884454 	1244.751767 	1925.260163 	
622.677419 	740.492494 	1669.401435 	848.672775 	
894.942915 	1312.236309 	1882.489819 	948.800960 	
24.435972 	2274.871877 	721.169797 	1486.267973 	
716.785841 	255.253723 	1768.369702 	294.054806 	
1044.761009 	466.349273 	2024.499929 	82.362570 	
221.184684 	440.902077 	1163.878236 	908.516242 	
1515.447031 	980.193681 	2332.778751 	1642.993046 	
1671.595784 	2499.900000 	2499.900000 	2355.100829 	
1473.275411 	1538.469379 	2412.216140 	2013.574048 	
772.315649 	587.182106 	1751.682174 	972.117620 	
360.766826 	1006.200893 	1254.735619 	451.084745 	
1217.129856 	2132.785179 	2269.339032 	2119.001508 	
200.474745 	2225.261294 	1247.246792 	2332.975826 	
2135.357369 	0.021349 	0.950000 	
2135.357369 	0.021349 	0.950000 	
2135.357369 	0.021349 	0.950000 	
2135.357369 	0.021349 	0.950000 	
2135.357369 	0.021349 	0.950000 	
2135.357369 	0.021349 	0.950000 	
2135.357369 	0.021349 	0.950000 	
2135.357369 	0.021349 	0.950000 	
2135.357369 	0.021349 	0.950000 	
2135.357369 	0.021349 	0.950000 	
2135.357369 	0.021349 	0.950000 	
2135.357369 	0.021349 	0.950000 	
2135.357369 	0.021349 	0.950000 	
2135.357369 	0.021349 	0.950000 	
2135.357369 	0.021349 	0.950000 	
2135.357369 	0.021349 	0.950000 	
2135.357369 	0.021349 	0.950000 	
2135.357369 	0.021349 	0.950000 	
2135.357369 	0.021349 	0.950000 	
2135.357369 	0.021349 	0.950000 	
2135.357369 	0.021349 	0.950000 	
2135.357369 	0.021349 	0.950000 	
2135.357369 	0.021349 	0.950000 	
2135.357369 	0.021349 	0.950000 	
2135.357369 	0.021349 	0.950000 	
2135.357369 	0.021349 	0.950000 	
2135.357369 	0.021349 	0.950000 	
2135.357369 	0.021349 	0.950000 	
2135.357369 	0.021349 	0.950000 	
2135.357369 	0.021349 	0.950000 	
2135.357369 	0.021349 	0.950000 	
2135.357369 	0.021349 	0.950000 	
2135.357369 	0.021349 	0.950000 	
2135.357369 	0.021349 	0.950000 	
2135.357369 	0.021349 	0.950000 	
2135.357369 	0.021349 	0.950000 	
2135.357369 	0.021349 	0.950000 	
2135.357369 	0.021349 	0.950000 	
