27
1158.584895 	2445.242422 	2279.651606 	1935.679258 	
911.631058 	1467.222433 	2137.594104 	1583.238799 	
0.100000 	754.883847 	962.168530 	263.078054 	
0.100000 	1151.658231 	1088.651393 	1447.925893 	
1676.574863 	0.100000 	2499.900000 	436.476136 	
676.945407 	1914.605173 	1810.252280 	2396.331983 	
0.100000 	1561.990264 	710.039787 	652.683066 	
0.100000 	1207.147769 	951.450089 	1532.898017 	
0.100000 	1415.046244 	1147.464139 	1419.257915 	
1426.525758 	1620.394539 	2499.900000 	1781.580417 	
580.091960 	1059.789797 	1783.188333 	797.103093 	
880.930771 	567.383060 	1862.496182 	0.100000 	
660.648582 	929.401249 	1817.176808 	1352.352370 	
0.100000 	241.403277 	989.125095 	0.100000 	
1434.729309 	1925.160860 	2499.900000 	1766.124100 	
212.755592 	54.326761 	1441.505643 	135.680916 	
453.439520 	1868.776288 	1122.747739 	2499.900000 	
1055.990728 	1373.350941 	1820.785974 	2338.510731 	
666.763778 	2499.900000 	1736.752319 	2038.841327 	
381.543892 	1397.391050 	1591.700261 	1169.428881 	
991.210383 	369.457687 	2131.233979 	835.066308 	
1703.683788 	1097.597924 	2499.900000 	202.228470 	
947.154271 	1608.461621 	2034.546473 	2186.409185 	
204.671980 	2499.900000 	1426.688386 	2407.328807 	
135.285602 	570.197051 	1185.439406 	1213.331699 	
548.939205 	2090.685378 	1707.597121 	1673.603827 	
0.100000 	493.321947 	880.260589 	56.920538 	
2117.602641 	0.019380 	0.950000 	
2117.602641 	0.019380 	0.950000 	
2117.602641 	0.019380 	0.950000 	
2117.602641 	0.019380 	0.950000 	
2117.602641 	0.019380 	0.950000 	
2117.602641 	0.019380 	0.950000 	
2117.602641 	0.019380 	0.950000 	
2117.602641 	0.019380 	0.950000 	
2117.602641 	0.019380 	0.950000 	
2117.602641 	0.019380 	0.950000 	
2117.602641 	0.019380 	0.950000 	
2117.602641 	0.019380 	0.950000 	
2117.602641 	0.019380 	0.950000 	
2117.602641 	0.019380 	0.950000 	
2117.602641 	0.019380 	0.950000 	
2117.602641 	0.019380 	0.950000 	
2117.602641 	0.019380 	0.950000 	
2117.602641 	0.019380 	0.950000 	
2117.602641 	0.019380 	0.950000 	
2117.602641 	0.019380 	0.950000 	
2117.602641 	0.019380 	0.950000 	
2117.602641 	0.019380 	0.950000 	
2117.602641 	0.019380 	0.950000 	
2117.602641 	0.019380 	0.950000 	
2117.602641 	0.019380 	0.950000 	
2117.602641 	0.019380 	0.950000 	
2117.602641 	0.019380 	0.950000 	
