21
835.693385 	1219.812339 	1953.971861 	1075.299632 	
20.905782 	0.100000 	1100.939379 	282.057722 	
734.346627 	1180.299021 	1775.123108 	746.461505 	
822.296932 	877.860988 	1948.634581 	930.720914 	
64.500532 	674.628287 	1188.586571 	763.291989 	
438.899537 	1715.096222 	1357.886317 	2368.467458 	
1130.851041 	1007.955709 	2233.298331 	1244.684765 	
792.116258 	2009.261889 	1919.598576 	2023.900712 	
47.242114 	2258.938167 	1021.884845 	1691.926508 	
538.406285 	1015.243182 	1483.047953 	399.546184 	
494.446818 	41.177121 	1591.830163 	300.369072 	
860.873066 	290.400996 	1946.093717 	0.100000 	
0.100000 	1647.126245 	850.064694 	1540.486951 	
873.913096 	1249.484355 	1936.407150 	871.943551 	
1552.036587 	2223.655627 	2499.900000 	2304.001113 	
0.100000 	992.917085 	1025.278291 	1093.687334 	
1277.744305 	28.386496 	2150.854730 	741.905142 	
1764.917912 	980.846586 	2499.900000 	1719.149733 	
952.272204 	2114.433479 	1983.269950 	2499.900000 	
1175.856112 	1419.576629 	2202.806337 	1885.198696 	
350.152599 	1236.597542 	1360.856704 	736.689666 	
1811.685520 	0.016801 	0.950000 	
1811.685520 	0.016801 	0.950000 	
1811.685520 	0.016801 	0.950000 	
1811.685520 	0.016801 	0.950000 	
1811.685520 	0.016801 	0.950000 	
1811.685520 	0.016801 	0.950000 	
1811.685520 	0.016801 	0.950000 	
1811.685520 	0.016801 	0.950000 	
1811.685520 	0.016801 	0.950000 	
1811.685520 	0.016801 	0.950000 	
1811.685520 	0.016801 	0.950000 	
1811.685520 	0.016801 	0.950000 	
1811.685520 	0.016801 	0.950000 	
1811.685520 	0.016801 	0.950000 	
1811.685520 	0.016801 	0.950000 	
1811.685520 	0.016801 	0.950000 	
1811.685520 	0.016801 	0.950000 	
1811.685520 	0.016801 	0.950000 	
1811.685520 	0.016801 	0.950000 	
1811.685520 	0.016801 	0.950000 	
1811.685520 	0.016801 	0.950000 	
