18
0.100000 	1506.386038 	844.927148 	946.507071 	
375.964204 	1224.085011 	1482.863644 	1293.181972 	
1343.187990 	2042.931387 	2425.517670 	1800.932992 	
456.060844 	1048.065639 	1554.129835 	892.356772 	
1647.860609 	1044.215688 	2499.900000 	1222.080610 	
906.238738 	344.074600 	2015.035625 	320.195241 	
378.154826 	1979.019088 	1474.789836 	1813.512553 	
1596.334945 	1631.667048 	2499.900000 	1194.517622 	
1520.842298 	1797.138445 	2499.900000 	1446.044551 	
1441.077843 	2212.074403 	2461.748000 	1778.215913 	
224.642124 	681.665706 	1302.525544 	420.575508 	
393.793147 	1791.170451 	1248.188857 	2498.283405 	
1256.298753 	2229.686788 	2363.488888 	2293.957808 	
1111.117299 	848.752621 	2194.463614 	611.346804 	
681.195465 	1842.506747 	1788.851640 	1786.842044 	
1633.379911 	795.273903 	2499.900000 	901.955119 	
651.051651 	621.702211 	1753.594326 	741.703923 	
1689.621727 	356.462812 	2499.900000 	494.910137 	
1931.223592 	0.020710 	0.950000 	
1931.223592 	0.020710 	0.950000 	
1931.223592 	0.020710 	0.950000 	
1931.223592 	0.020710 	0.950000 	
1931.223592 	0.020710 	0.950000 	
1931.223592 	0.020710 	0.950000 	
1931.223592 	0.020710 	0.950000 	
1931.223592 	0.020710 	0.950000 	
1931.223592 	0.020710 	0.950000 	
1931.223592 	0.020710 	0.950000 	
1931.223592 	0.020710 	0.950000 	
1931.223592 	0.020710 	0.950000 	
1931.223592 	0.020710 	0.950000 	
1931.223592 	0.020710 	0.950000 	
1931.223592 	0.020710 	0.950000 	
1931.223592 	0.020710 	0.950000 	
1931.223592 	0.020710 	0.950000 	
1931.223592 	0.020710 	0.950000 	
