29
1513.114219 	2214.090796 	2499.900000 	2499.900000 	
1517.583756 	505.075970 	2499.900000 	1060.061472 	
120.413222 	417.188107 	1236.536819 	0.100000 	
890.622507 	2374.628051 	1797.621917 	1582.447684 	
1222.254120 	836.365410 	2416.583804 	990.554487 	
42.257558 	1381.579104 	1235.506819 	1543.917842 	
1270.961045 	831.159758 	2216.595563 	85.523773 	
698.623326 	524.035321 	1703.609571 	0.100000 	
820.141796 	301.175962 	2012.892529 	467.137870 	
218.164252 	1828.829498 	1324.028075 	2305.550453 	
0.100000 	446.631356 	938.354792 	1058.152357 	
282.870374 	1172.161502 	1409.661031 	747.260948 	
1499.030701 	1485.247568 	2499.900000 	1768.497169 	
606.347691 	1899.591173 	1775.725080 	2187.261447 	
186.862106 	1923.249593 	1391.008107 	1908.081504 	
1224.462575 	1177.143286 	2327.419333 	693.734502 	
1247.976377 	727.700868 	2340.712043 	221.611521 	
0.100000 	1443.614559 	869.439699 	1788.894217 	
1534.503371 	378.443407 	2485.441399 	0.100000 	
1248.253516 	776.800894 	2444.427220 	637.638633 	
297.125642 	1563.302657 	1499.535312 	1629.700316 	
1040.583021 	1229.613503 	2135.594646 	1730.759395 	
246.445649 	897.863662 	1438.729804 	728.582361 	
1595.585739 	2499.900000 	2499.900000 	2159.287004 	
217.415194 	226.050631 	1410.426545 	390.128600 	
9.524793 	2007.601751 	1165.995092 	1671.783180 	
1279.036730 	4.560671 	2201.629686 	778.524430 	
636.785421 	1287.894807 	1771.751985 	885.342250 	
956.125466 	2040.203925 	2157.652699 	2121.012165 	
2210.821969 	0.019966 	0.950000 	
2210.821969 	0.019966 	0.950000 	
2210.821969 	0.019966 	0.950000 	
2210.821969 	0.019966 	0.950000 	
2210.821969 	0.019966 	0.950000 	
2210.821969 	0.019966 	0.950000 	
2210.821969 	0.019966 	0.950000 	
2210.821969 	0.019966 	0.950000 	
2210.821969 	0.019966 	0.950000 	
2210.821969 	0.019966 	0.950000 	
2210.821969 	0.019966 	0.950000 	
2210.821969 	0.019966 	0.950000 	
2210.821969 	0.019966 	0.950000 	
2210.821969 	0.019966 	0.950000 	
2210.821969 	0.019966 	0.950000 	
2210.821969 	0.019966 	0.950000 	
2210.821969 	0.019966 	0.950000 	
2210.821969 	0.019966 	0.950000 	
2210.821969 	0.019966 	0.950000 	
2210.821969 	0.019966 	0.950000 	
2210.821969 	0.019966 	0.950000 	
2210.821969 	0.019966 	0.950000 	
2210.821969 	0.019966 	0.950000 	
2210.821969 	0.019966 	0.950000 	
2210.821969 	0.019966 	0.950000 	
2210.821969 	0.019966 	0.950000 	
2210.821969 	0.019966 	0.950000 	
2210.821969 	0.019966 	0.950000 	
2210.821969 	0.019966 	0.950000 	
