12
646.109855 	2499.900000 	1730.310959 	2297.354640 	
331.476921 	104.529377 	1406.622997 	389.252183 	
1137.883193 	1635.424656 	2112.433797 	1099.460776 	
1667.708280 	996.479315 	2499.900000 	1018.370230 	
1246.609804 	148.762925 	2333.125699 	386.437852 	
1483.255307 	1452.846845 	2335.068080 	2167.984007 	
1123.595756 	1395.678510 	2200.743306 	1672.733229 	
922.558629 	1755.407591 	1958.787045 	2159.433371 	
1205.016855 	1493.664894 	2306.479625 	1339.438019 	
701.644526 	2153.615209 	1785.244289 	1902.980585 	
1424.298160 	1429.607935 	2499.900000 	1454.271367 	
0.100000 	2499.900000 	908.290158 	2168.964676 	
2155.165754 	0.021925 	0.950000 	
2155.165754 	0.021925 	0.950000 	
2155.165754 	0.021925 	0.950000 	
2155.165754 	0.021925 	0.950000 	
2155.165754 	0.021925 	0.950000 	
2155.165754 	0.021925 	0.950000 	
2155.165754 	0.021925 	0.950000 	
2155.165754 	0.021925 	0.950000 	
2155.165754 	0.021925 	0.950000 	
2155.165754 	0.021925 	0.950000 	
2155.165754 	0.021925 	0.950000 	
2155.165754 	0.021925 	0.950000 	
