21
0.100000 	2013.845906 	888.740866 	2161.952284 	
904.482024 	1310.674474 	1895.247984 	1971.765201 	
0.100000 	2499.900000 	831.139700 	2118.542598 	
505.280256 	2499.900000 	1684.845297 	2366.884650 	
598.568700 	524.322492 	1772.368345 	726.442576 	
0.100000 	1585.152828 	890.320346 	1537.700690 	
0.100000 	1394.767328 	796.472370 	2246.444788 	
1508.556784 	1331.007164 	2499.900000 	1159.844413 	
961.419516 	2499.900000 	1675.151940 	1647.799261 	
412.349852 	308.933189 	1554.836024 	645.657829 	
469.993815 	621.331498 	1485.790903 	0.100000 	
34.853563 	0.100000 	1070.641101 	301.000845 	
0.100000 	288.335928 	1137.281713 	476.428022 	
361.497929 	1415.646331 	1541.710437 	1255.157792 	
369.960268 	1500.171869 	1473.904115 	1052.996157 	
1374.029623 	566.170221 	2262.081762 	1359.909179 	
632.335576 	704.278475 	1814.621270 	848.703793 	
595.010084 	122.571558 	1764.181967 	0.100000 	
0.100000 	2198.606965 	1086.006638 	1877.605261 	
1428.739430 	1638.198728 	2499.900000 	1553.893563 	
1074.592245 	838.819075 	2123.637457 	1402.877829 	
2005.438592 	0.020854 	0.950000 	
2005.438592 	0.020854 	0.950000 	
2005.438592 	0.020854 	0.950000 	
2005.438592 	0.020854 	0.950000 	
2005.438592 	0.020854 	0.950000 	
2005.438592 	0.020854 	0.950000 	
2005.438592 	0.020854 	0.950000 	
2005.438592 	0.020854 	0.950000 	
2005.438592 	0.020854 	0.950000 	
2005.438592 	0.020854 	0.950000 	
2005.438592 	0.020854 	0.950000 	
2005.438592 	0.020854 	0.950000 	
2005.438592 	0.020854 	0.950000 	
2005.438592 	0.020854 	0.950000 	
2005.438592 	0.020854 	0.950000 	
2005.438592 	0.020854 	0.950000 	
2005.438592 	0.020854 	0.950000 	
2005.438592 	0.020854 	0.950000 	
2005.438592 	0.020854 	0.950000 	
2005.438592 	0.020854 	0.950000 	
2005.438592 	0.020854 	0.950000 	
