16
960.891915 	414.959455 	2126.276949 	545.180660 	
312.072530 	1957.661070 	1484.313832 	1927.162380 	
957.874196 	2286.341761 	2103.513454 	2036.160766 	
1423.392449 	818.286153 	2499.900000 	849.621906 	
422.812541 	221.221571 	1571.738161 	455.848426 	
1255.243824 	1659.224064 	2311.706406 	2168.111728 	
35.612945 	998.160813 	1136.733689 	594.907855 	
717.848239 	761.494213 	1861.050495 	500.403342 	
941.914116 	663.906480 	2067.908322 	336.466577 	
1123.711115 	0.100000 	2231.943629 	364.162660 	
384.773089 	1040.265895 	1340.811332 	1719.287780 	
240.725058 	773.356158 	1314.023379 	1245.701958 	
1575.126377 	1580.599870 	2499.900000 	2169.979134 	
896.556492 	1160.655488 	2063.580563 	1275.262024 	
0.100000 	1143.521337 	993.851123 	780.409277 	
939.840754 	0.100000 	2070.948055 	308.179055 	
2101.211901 	0.021858 	0.950000 	
2101.211901 	0.021858 	0.950000 	
2101.211901 	0.021858 	0.950000 	
2101.211901 	0.021858 	0.950000 	
2101.211901 	0.021858 	0.950000 	
2101.211901 	0.021858 	0.950000 	
2101.211901 	0.021858 	0.950000 	
2101.211901 	0.021858 	0.950000 	
2101.211901 	0.021858 	0.950000 	
2101.211901 	0.021858 	0.950000 	
2101.211901 	0.021858 	0.950000 	
2101.211901 	0.021858 	0.950000 	
2101.211901 	0.021858 	0.950000 	
2101.211901 	0.021858 	0.950000 	
2101.211901 	0.021858 	0.950000 	
2101.211901 	0.021858 	0.950000 	
