17
957.927393 	941.674148 	1985.907242 	503.648711 	
1284.098729 	1874.697098 	2331.110238 	1484.343729 	
540.096885 	1783.851280 	1653.714791 	1691.851218 	
0.100000 	515.677566 	870.561978 	0.100000 	
240.065941 	504.927174 	1325.820022 	769.023609 	
0.100000 	585.936190 	1115.421586 	534.263965 	
274.231268 	1518.103773 	1349.789942 	1821.059862 	
574.593859 	2051.929099 	1685.746697 	2170.031684 	
756.071867 	753.387556 	1852.499100 	968.924501 	
698.254577 	2258.613480 	1631.442885 	1643.984784 	
1486.284072 	1906.238451 	2499.900000 	1470.421878 	
735.983826 	114.357587 	1836.224608 	0.100000 	
1579.057366 	1481.374201 	2499.900000 	1529.478237 	
1020.705148 	727.309640 	2030.131244 	1206.546333 	
1610.300212 	2353.459557 	2499.900000 	2226.496663 	
239.879219 	0.100000 	1222.948923 	268.482053 	
1053.247777 	1052.418065 	2151.241439 	1259.827731 	
2025.389414 	0.018686 	0.950000 	
2025.389414 	0.018686 	0.950000 	
2025.389414 	0.018686 	0.950000 	
2025.389414 	0.018686 	0.950000 	
2025.389414 	0.018686 	0.950000 	
2025.389414 	0.018686 	0.950000 	
2025.389414 	0.018686 	0.950000 	
2025.389414 	0.018686 	0.950000 	
2025.389414 	0.018686 	0.950000 	
2025.389414 	0.018686 	0.950000 	
2025.389414 	0.018686 	0.950000 	
2025.389414 	0.018686 	0.950000 	
2025.389414 	0.018686 	0.950000 	
2025.389414 	0.018686 	0.950000 	
2025.389414 	0.018686 	0.950000 	
2025.389414 	0.018686 	0.950000 	
2025.389414 	0.018686 	0.950000 	
