31
1713.604954 	453.524193 	2499.900000 	435.446266 	
0.100000 	2040.392235 	707.051403 	1490.145738 	
1447.441181 	1995.001073 	2394.177020 	2161.797709 	
1471.254172 	255.539784 	2371.599220 	0.100000 	
0.100000 	1885.266370 	830.282802 	1903.927182 	
903.547147 	2195.318857 	1779.997688 	2499.900000 	
1659.196928 	799.148175 	2499.900000 	915.204400 	
415.611462 	1539.181695 	1370.280818 	1652.036852 	
1383.716042 	894.703118 	2342.151174 	820.325941 	
972.933511 	568.801097 	1932.661510 	513.555883 	
1348.976238 	1984.951305 	2309.505622 	1946.051830 	
1629.984529 	2235.907363 	2066.755611 	1379.542435 	
0.100000 	623.159700 	824.067110 	771.034824 	
371.625619 	1273.840686 	1261.168917 	1638.316457 	
1137.323005 	1286.984408 	1976.504290 	818.044499 	
831.976442 	500.649052 	1626.644939 	0.100000 	
1729.268471 	0.100000 	2499.900000 	176.128305 	
1348.117598 	1496.083440 	2145.842042 	959.645580 	
1005.818522 	990.177274 	1765.546077 	401.157827 	
390.156340 	702.841641 	1305.700314 	995.944180 	
297.339711 	840.518162 	1227.099413 	596.229885 	
1598.772081 	201.526236 	2447.483097 	652.989941 	
723.517706 	1231.743138 	1563.685745 	764.573434 	
1415.236611 	1858.963827 	2348.712402 	1629.284016 	
0.100000 	463.638597 	925.169574 	554.743588 	
1499.669899 	1562.926735 	2438.703914 	1768.705707 	
0.100000 	1019.892611 	777.834397 	1195.437836 	
1569.012389 	1047.133908 	2499.900000 	1119.342420 	
1571.168550 	481.416380 	2499.900000 	394.780832 	
829.934072 	591.395034 	1766.489967 	374.616525 	
18.271465 	1450.897720 	962.526585 	1631.208938 	
2084.323108 	0.022175 	0.950000 	
2084.323108 	0.022175 	0.950000 	
2084.323108 	0.022175 	0.950000 	
2084.323108 	0.022175 	0.950000 	
2084.323108 	0.022175 	0.950000 	
2084.323108 	0.022175 	0.950000 	
2084.323108 	0.022175 	0.950000 	
2084.323108 	0.022175 	0.950000 	
2084.323108 	0.022175 	0.950000 	
2084.323108 	0.022175 	0.950000 	
2084.323108 	0.022175 	0.950000 	
2084.323108 	0.022175 	0.950000 	
2084.323108 	0.022175 	0.950000 	
2084.323108 	0.022175 	0.950000 	
2084.323108 	0.022175 	0.950000 	
2084.323108 	0.022175 	0.950000 	
2084.323108 	0.022175 	0.950000 	
2084.323108 	0.022175 	0.950000 	
2084.323108 	0.022175 	0.950000 	
2084.323108 	0.022175 	0.950000 	
2084.323108 	0.022175 	0.950000 	
2084.323108 	0.022175 	0.950000 	
2084.323108 	0.022175 	0.950000 	
2084.323108 	0.022175 	0.950000 	
2084.323108 	0.022175 	0.950000 	
2084.323108 	0.022175 	0.950000 	
2084.323108 	0.022175 	0.950000 	
2084.323108 	0.022175 	0.950000 	
2084.323108 	0.022175 	0.950000 	
2084.323108 	0.022175 	0.950000 	
2084.323108 	0.022175 	0.950000 	
