25
68.248713 	1086.153631 	880.887136 	492.903561 	
1332.663940 	1802.579917 	2305.047623 	2061.030737 	
497.279131 	1366.544407 	1169.002141 	2115.620538 	
965.310879 	207.227903 	1948.822876 	419.433003 	
1765.096247 	611.548865 	2499.900000 	39.208386 	
613.497613 	270.970376 	1616.442363 	190.791318 	
1146.097167 	117.688526 	2132.911611 	0.100000 	
1268.806337 	982.389785 	2263.590764 	1133.157141 	
618.783529 	1557.887596 	1611.785776 	1719.978279 	
1064.288360 	1727.536928 	2057.703799 	1887.075696 	
0.100000 	1399.646116 	967.457765 	1256.400352 	
1628.313797 	389.344890 	2499.900000 	154.744802 	
135.273214 	1694.854917 	1114.570011 	1463.976951 	
307.281591 	150.767262 	1257.433764 	481.732065 	
1470.004805 	670.369224 	2221.316236 	1.147298 	
723.801342 	287.393998 	1726.613759 	205.576466 	
1287.677312 	301.753587 	2288.155744 	408.382655 	
555.379724 	548.179374 	1528.647257 	293.077119 	
301.613759 	396.894083 	1290.141418 	584.350528 	
0.100000 	807.787222 	827.344250 	779.611654 	
1127.284012 	972.273393 	2065.895644 	609.871603 	
607.066329 	512.051266 	1611.191508 	575.765281 	
653.193477 	680.487873 	1653.763463 	574.721357 	
973.144562 	2312.929646 	1966.284115 	2151.682380 	
0.100000 	1896.763753 	852.379178 	1619.352369 	
1630.774153 	0.019203 	0.950000 	
1630.774153 	0.019203 	0.950000 	
1630.774153 	0.019203 	0.950000 	
1630.774153 	0.019203 	0.950000 	
1630.774153 	0.019203 	0.950000 	
1630.774153 	0.019203 	0.950000 	
1630.774153 	0.019203 	0.950000 	
1630.774153 	0.019203 	0.950000 	
1630.774153 	0.019203 	0.950000 	
1630.774153 	0.019203 	0.950000 	
1630.774153 	0.019203 	0.950000 	
1630.774153 	0.019203 	0.950000 	
1630.774153 	0.019203 	0.950000 	
1630.774153 	0.019203 	0.950000 	
1630.774153 	0.019203 	0.950000 	
1630.774153 	0.019203 	0.950000 	
1630.774153 	0.019203 	0.950000 	
1630.774153 	0.019203 	0.950000 	
1630.774153 	0.019203 	0.950000 	
1630.774153 	0.019203 	0.950000 	
1630.774153 	0.019203 	0.950000 	
1630.774153 	0.019203 	0.950000 	
1630.774153 	0.019203 	0.950000 	
1630.774153 	0.019203 	0.950000 	
1630.774153 	0.019203 	0.950000 	
