19
0.100000 	2307.419005 	968.132300 	2418.991041 	
1464.196298 	634.285014 	2499.900000 	461.309749 	
660.276553 	2141.409314 	1828.643962 	2270.604665 	
1341.875528 	426.895038 	2243.338187 	0.100000 	
0.100000 	749.140539 	948.964319 	959.683877 	
196.809691 	1809.060158 	1353.020169 	2021.077070 	
964.394418 	857.283334 	2139.883057 	856.735174 	
0.100000 	1628.216077 	1099.316066 	1465.815944 	
947.823069 	1232.009309 	2106.359878 	1033.096501 	
559.003558 	390.140190 	1480.768822 	0.100000 	
1247.227066 	1252.536156 	2315.565437 	1742.869681 	
986.310158 	1358.700157 	2125.352571 	1649.141585 	
477.990471 	1866.919190 	1547.965790 	1380.168064 	
358.449844 	1178.958943 	1341.624487 	534.644220 	
349.247992 	1321.827474 	1511.310230 	1144.668804 	
1520.990854 	1599.158709 	2499.900000 	1909.711017 	
605.930035 	2030.731763 	1719.137218 	2408.281244 	
560.153917 	15.160136 	1709.833894 	260.129095 	
597.157050 	71.314943 	1719.586229 	420.494809 	
1659.137512 	0.020939 	0.950000 	
1659.137512 	0.020939 	0.950000 	
1659.137512 	0.020939 	0.950000 	
1659.137512 	0.020939 	0.950000 	
1659.137512 	0.020939 	0.950000 	
1659.137512 	0.020939 	0.950000 	
1659.137512 	0.020939 	0.950000 	
1659.137512 	0.020939 	0.950000 	
1659.137512 	0.020939 	0.950000 	
1659.137512 	0.020939 	0.950000 	
1659.137512 	0.020939 	0.950000 	
1659.137512 	0.020939 	0.950000 	
1659.137512 	0.020939 	0.950000 	
1659.137512 	0.020939 	0.950000 	
1659.137512 	0.020939 	0.950000 	
1659.137512 	0.020939 	0.950000 	
1659.137512 	0.020939 	0.950000 	
1659.137512 	0.020939 	0.950000 	
1659.137512 	0.020939 	0.950000 	
