17
1163.559083 	1255.181405 	2160.243934 	956.808060 	
1075.378396 	2494.317885 	2005.136751 	2027.459506 	
996.274123 	460.029795 	1712.965255 	0.100000 	
178.777858 	1216.580895 	1193.657062 	1445.551517 	
1426.920256 	1423.390076 	2162.544598 	2159.096656 	
371.855388 	49.617739 	1040.257907 	846.891480 	
481.221444 	941.249402 	1502.237432 	741.415227 	
1511.748487 	478.679327 	2499.900000 	459.885416 	
1451.236273 	899.431062 	2474.271358 	710.204854 	
534.904402 	994.129558 	1574.829797 	1025.153998 	
399.337043 	1555.056120 	1372.739427 	1187.775380 	
1087.991132 	477.864351 	1846.550591 	0.100000 	
1550.249686 	1389.274674 	2499.900000 	1374.385992 	
1607.052802 	927.753336 	2499.900000 	446.303688 	
1051.536352 	957.227453 	1814.841283 	250.281255 	
605.140298 	190.130647 	1225.145331 	1025.595250 	
1438.115704 	432.999737 	2474.138812 	337.797509 	
2238.493720 	0.016630 	0.950000 	
2238.493720 	0.016630 	0.950000 	
2238.493720 	0.016630 	0.950000 	
2238.493720 	0.016630 	0.950000 	
2238.493720 	0.016630 	0.950000 	
2238.493720 	0.016630 	0.950000 	
2238.493720 	0.016630 	0.950000 	
2238.493720 	0.016630 	0.950000 	
2238.493720 	0.016630 	0.950000 	
2238.493720 	0.016630 	0.950000 	
2238.493720 	0.016630 	0.950000 	
2238.493720 	0.016630 	0.950000 	
2238.493720 	0.016630 	0.950000 	
2238.493720 	0.016630 	0.950000 	
2238.493720 	0.016630 	0.950000 	
2238.493720 	0.016630 	0.950000 	
2238.493720 	0.016630 	0.950000 	
