25
1518.907529 	0.100000 	2145.253767 	439.791218 	
1248.425961 	1771.601404 	1870.327295 	2218.328384 	
0.100000 	1512.625319 	663.709750 	1765.286546 	
1497.049364 	284.011800 	2146.055780 	0.100000 	
1712.312902 	1386.698123 	2477.939280 	1398.636026 	
906.616776 	1996.966145 	1562.635748 	1602.041629 	
1579.178819 	97.789999 	2256.867801 	454.250246 	
215.998479 	299.656874 	809.416262 	783.580007 	
1499.003227 	2298.432141 	2040.130658 	1756.668938 	
1739.035652 	223.280490 	2463.909071 	470.028924 	
1536.019616 	2256.134728 	2294.810682 	2153.361275 	
392.666806 	2380.329920 	1144.937837 	2237.450389 	
316.284009 	162.864667 	1035.803061 	0.100000 	
957.933897 	760.641187 	1631.325230 	1125.155078 	
666.181246 	362.132640 	1423.247157 	476.925805 	
825.776882 	1368.422048 	1590.662248 	1332.691931 	
1860.075515 	191.703863 	2499.900000 	316.608312 	
1106.006148 	0.100000 	1811.907683 	246.518015 	
1779.061135 	2461.277931 	2499.900000 	2204.867628 	
866.516845 	2499.900000 	1595.252015 	2311.430445 	
756.942303 	800.061255 	1494.843936 	1004.578845 	
1484.309908 	1387.220436 	2106.312382 	1833.806583 	
1400.493680 	0.100000 	2075.772589 	350.370790 	
753.342868 	537.154854 	1518.273402 	502.405128 	
24.316379 	290.235849 	687.683831 	0.100000 	
1814.687333 	0.022259 	0.950000 	
1814.687333 	0.022259 	0.950000 	
1814.687333 	0.022259 	0.950000 	
1814.687333 	0.022259 	0.950000 	
1814.687333 	0.022259 	0.950000 	
1814.687333 	0.022259 	0.950000 	
1814.687333 	0.022259 	0.950000 	
1814.687333 	0.022259 	0.950000 	
1814.687333 	0.022259 	0.950000 	
1814.687333 	0.022259 	0.950000 	
1814.687333 	0.022259 	0.950000 	
1814.687333 	0.022259 	0.950000 	
1814.687333 	0.022259 	0.950000 	
1814.687333 	0.022259 	0.950000 	
1814.687333 	0.022259 	0.950000 	
1814.687333 	0.022259 	0.950000 	
1814.687333 	0.022259 	0.950000 	
1814.687333 	0.022259 	0.950000 	
1814.687333 	0.022259 	0.950000 	
1814.687333 	0.022259 	0.950000 	
1814.687333 	0.022259 	0.950000 	
1814.687333 	0.022259 	0.950000 	
1814.687333 	0.022259 	0.950000 	
1814.687333 	0.022259 	0.950000 	
1814.687333 	0.022259 	0.950000 	
