25
1627.363692 	592.700792 	2499.900000 	806.443808 	
1373.558952 	1186.071948 	2388.181672 	1048.964599 	
0.100000 	1588.015455 	750.593794 	1349.840865 	
0.100000 	2110.250063 	761.192353 	2277.920629 	
0.100000 	1309.709965 	918.198970 	1035.792637 	
277.211936 	960.172615 	1265.697469 	1226.919763 	
0.100000 	1835.144971 	806.621097 	1895.779729 	
624.550017 	1364.066869 	1571.789258 	975.485460 	
447.601710 	1986.850886 	1416.658165 	2317.285869 	
829.647460 	1071.439901 	1835.768273 	1261.120160 	
1651.068429 	1003.558823 	2499.900000 	1486.963613 	
366.206541 	1394.369514 	1327.791247 	1042.783758 	
445.560543 	749.965355 	1406.778632 	397.378519 	
1460.908178 	151.051045 	2477.012251 	276.710118 	
436.496742 	35.891885 	1425.416501 	301.024683 	
41.150085 	2057.418740 	1011.331528 	2384.535934 	
753.677301 	581.610646 	1777.518520 	584.227782 	
1453.585550 	2201.343347 	2473.040358 	2106.635453 	
523.435199 	1649.532997 	1513.819272 	1909.142468 	
1274.391678 	1825.125445 	2008.372029 	2499.900000 	
1024.463473 	2170.730732 	1987.153238 	2499.900000 	
639.136091 	332.231734 	1662.416527 	366.214658 	
698.286954 	1099.268429 	1696.184814 	870.232295 	
1647.317090 	2351.585161 	2499.900000 	2499.900000 	
0.100000 	1708.720123 	919.694588 	1515.250007 	
2155.649638 	0.021849 	0.950000 	
2155.649638 	0.021849 	0.950000 	
2155.649638 	0.021849 	0.950000 	
2155.649638 	0.021849 	0.950000 	
2155.649638 	0.021849 	0.950000 	
2155.649638 	0.021849 	0.950000 	
2155.649638 	0.021849 	0.950000 	
2155.649638 	0.021849 	0.950000 	
2155.649638 	0.021849 	0.950000 	
2155.649638 	0.021849 	0.950000 	
2155.649638 	0.021849 	0.950000 	
2155.649638 	0.021849 	0.950000 	
2155.649638 	0.021849 	0.950000 	
2155.649638 	0.021849 	0.950000 	
2155.649638 	0.021849 	0.950000 	
2155.649638 	0.021849 	0.950000 	
2155.649638 	0.021849 	0.950000 	
2155.649638 	0.021849 	0.950000 	
2155.649638 	0.021849 	0.950000 	
2155.649638 	0.021849 	0.950000 	
2155.649638 	0.021849 	0.950000 	
2155.649638 	0.021849 	0.950000 	
2155.649638 	0.021849 	0.950000 	
2155.649638 	0.021849 	0.950000 	
2155.649638 	0.021849 	0.950000 	
