23
0.100000 	0.100000 	814.158657 	213.027413 	
893.118670 	536.352162 	1864.713938 	592.379122 	
1062.284924 	1838.401076 	1971.892289 	1492.350754 	
819.154693 	1945.088105 	1673.244358 	2411.636309 	
0.100000 	677.739899 	819.689592 	1045.901820 	
812.611508 	202.393223 	1748.041229 	0.100000 	
0.100000 	2499.900000 	777.709192 	2019.743876 	
1488.010189 	990.692380 	2386.517493 	1364.618853 	
966.568121 	2160.983721 	1912.123005 	2391.336373 	
1145.481422 	813.084895 	2118.593900 	826.813979 	
1060.293293 	1679.045953 	2028.613795 	1776.471763 	
1028.397563 	0.100000 	1965.361780 	175.182142 	
1678.070936 	1362.867702 	2499.900000 	1198.866548 	
205.104849 	550.686374 	1002.671120 	1108.382014 	
717.707463 	774.244302 	1681.913322 	906.317935 	
1470.079775 	2499.900000 	2399.534663 	2239.098638 	
766.429700 	1969.967899 	1721.424121 	1782.559152 	
1370.694734 	563.747134 	2178.924176 	1105.874013 	
138.909375 	1704.918956 	1080.599657 	1459.244788 	
1188.229632 	1235.704832 	2078.258597 	842.023713 	
1641.422937 	1228.078401 	2499.900000 	1654.420588 	
92.529437 	2337.904456 	1058.100262 	2459.598188 	
790.680795 	1169.165955 	1421.703684 	1910.075191 	
2127.610948 	0.019961 	0.950000 	
2127.610948 	0.019961 	0.950000 	
2127.610948 	0.019961 	0.950000 	
2127.610948 	0.019961 	0.950000 	
2127.610948 	0.019961 	0.950000 	
2127.610948 	0.019961 	0.950000 	
2127.610948 	0.019961 	0.950000 	
2127.610948 	0.019961 	0.950000 	
2127.610948 	0.019961 	0.950000 	
2127.610948 	0.019961 	0.950000 	
2127.610948 	0.019961 	0.950000 	
2127.610948 	0.019961 	0.950000 	
2127.610948 	0.019961 	0.950000 	
2127.610948 	0.019961 	0.950000 	
2127.610948 	0.019961 	0.950000 	
2127.610948 	0.019961 	0.950000 	
2127.610948 	0.019961 	0.950000 	
2127.610948 	0.019961 	0.950000 	
2127.610948 	0.019961 	0.950000 	
2127.610948 	0.019961 	0.950000 	
2127.610948 	0.019961 	0.950000 	
2127.610948 	0.019961 	0.950000 	
2127.610948 	0.019961 	0.950000 	
