18
889.476652 	159.887726 	1958.702166 	395.708391 	
162.972025 	427.918159 	1167.997146 	862.405321 	
356.919118 	1254.437769 	1348.066203 	789.161462 	
710.113543 	1227.150171 	1673.579851 	1747.330199 	
181.808261 	515.191166 	1240.144380 	795.867573 	
1391.350903 	1521.696240 	2485.884268 	1492.519207 	
93.675481 	1819.968462 	1185.381677 	1736.110440 	
156.380132 	601.092556 	1247.306992 	507.641114 	
47.828684 	358.554699 	1135.003504 	228.533556 	
157.889923 	736.735230 	1252.767268 	746.644136 	
574.047322 	785.919717 	1668.747415 	807.971793 	
353.296849 	885.922140 	1391.112297 	1234.911658 	
1644.809614 	960.687555 	2499.900000 	1578.603869 	
572.130687 	113.970260 	1648.698878 	313.608726 	
74.027000 	701.240379 	1165.238280 	611.170794 	
1528.717513 	1869.474667 	2499.900000 	2135.598447 	
1663.452228 	33.693111 	2499.900000 	112.408277 	
624.435389 	2499.900000 	1631.044504 	2106.733007 	
2061.412384 	0.020270 	0.950000 	
2061.412384 	0.020270 	0.950000 	
2061.412384 	0.020270 	0.950000 	
2061.412384 	0.020270 	0.950000 	
2061.412384 	0.020270 	0.950000 	
2061.412384 	0.020270 	0.950000 	
2061.412384 	0.020270 	0.950000 	
2061.412384 	0.020270 	0.950000 	
2061.412384 	0.020270 	0.950000 	
2061.412384 	0.020270 	0.950000 	
2061.412384 	0.020270 	0.950000 	
2061.412384 	0.020270 	0.950000 	
2061.412384 	0.020270 	0.950000 	
2061.412384 	0.020270 	0.950000 	
2061.412384 	0.020270 	0.950000 	
2061.412384 	0.020270 	0.950000 	
2061.412384 	0.020270 	0.950000 	
2061.412384 	0.020270 	0.950000 	
