18
0.100000 	1218.099336 	700.039571 	1082.547086 	
107.765653 	1431.829170 	646.512985 	782.784137 	
1794.539763 	74.009347 	2499.900000 	148.256010 	
1767.819550 	1084.116820 	2499.900000 	948.946028 	
1369.858149 	426.173533 	2193.480960 	608.254857 	
1024.075561 	2341.504134 	1844.354336 	2144.905881 	
135.019181 	1620.143630 	955.028895 	1817.861134 	
0.100000 	2156.477402 	778.625062 	2450.209845 	
365.281822 	598.641771 	1172.297170 	844.068686 	
1502.685087 	1167.879062 	2343.511485 	1235.103396 	
1763.346058 	0.100000 	2490.993132 	344.271121 	
1335.072150 	101.904840 	2167.232126 	239.810307 	
1724.839669 	2499.900000 	2325.083625 	1959.538771 	
1236.007757 	1566.332863 	2002.456862 	1918.559937 	
0.100000 	1740.656071 	791.852191 	1940.418766 	
1042.402668 	741.825825 	1876.898422 	864.809480 	
1394.875113 	515.400709 	2236.887453 	465.167639 	
138.945099 	2186.609523 	889.552723 	2499.900000 	
2247.493651 	0.020105 	0.950000 	
2247.493651 	0.020105 	0.950000 	
2247.493651 	0.020105 	0.950000 	
2247.493651 	0.020105 	0.950000 	
2247.493651 	0.020105 	0.950000 	
2247.493651 	0.020105 	0.950000 	
2247.493651 	0.020105 	0.950000 	
2247.493651 	0.020105 	0.950000 	
2247.493651 	0.020105 	0.950000 	
2247.493651 	0.020105 	0.950000 	
2247.493651 	0.020105 	0.950000 	
2247.493651 	0.020105 	0.950000 	
2247.493651 	0.020105 	0.950000 	
2247.493651 	0.020105 	0.950000 	
2247.493651 	0.020105 	0.950000 	
2247.493651 	0.020105 	0.950000 	
2247.493651 	0.020105 	0.950000 	
2247.493651 	0.020105 	0.950000 	
