19
1508.189946 	1199.580962 	2499.900000 	932.696716 	
904.868068 	2245.230725 	1968.579374 	1936.121379 	
703.893750 	1819.625141 	1811.466578 	1837.310190 	
940.204204 	1041.811117 	2011.034152 	758.344093 	
1351.878597 	1271.270453 	2425.810372 	999.791407 	
775.716998 	834.644720 	1851.839680 	1097.304773 	
126.226279 	1771.393551 	1182.074108 	2106.379660 	
838.708721 	1382.967395 	1476.865142 	2288.388133 	
555.865707 	1010.075750 	1655.777972 	1141.313475 	
1628.393739 	1721.698026 	2499.900000 	1747.064844 	
950.270694 	2486.852092 	2029.949522 	2239.215344 	
1088.549531 	2002.998450 	2193.010277 	1918.164541 	
1136.581260 	1774.919433 	2244.077188 	1752.939858 	
516.451062 	625.668807 	1371.129699 	0.100000 	
732.949963 	1030.706464 	1835.011719 	918.946822 	
833.352239 	1316.580978 	1893.426289 	1637.942674 	
22.987653 	1271.554038 	1102.993224 	1025.346202 	
830.653996 	19.028239 	1917.570186 	232.671695 	
1127.199877 	361.488242 	2152.013280 	781.949679 	
2155.368360 	0.015480 	0.950000 	
2155.368360 	0.015480 	0.950000 	
2155.368360 	0.015480 	0.950000 	
2155.368360 	0.015480 	0.950000 	
2155.368360 	0.015480 	0.950000 	
2155.368360 	0.015480 	0.950000 	
2155.368360 	0.015480 	0.950000 	
2155.368360 	0.015480 	0.950000 	
2155.368360 	0.015480 	0.950000 	
2155.368360 	0.015480 	0.950000 	
2155.368360 	0.015480 	0.950000 	
2155.368360 	0.015480 	0.950000 	
2155.368360 	0.015480 	0.950000 	
2155.368360 	0.015480 	0.950000 	
2155.368360 	0.015480 	0.950000 	
2155.368360 	0.015480 	0.950000 	
2155.368360 	0.015480 	0.950000 	
2155.368360 	0.015480 	0.950000 	
2155.368360 	0.015480 	0.950000 	
