23
497.815706 	529.862237 	1428.198763 	284.632264 	
862.303811 	2119.623047 	1823.303761 	2072.405801 	
472.684335 	518.394608 	1414.042670 	319.410043 	
1014.939455 	1235.559922 	1976.271708 	1275.443155 	
1408.629551 	2292.063654 	2277.869190 	2499.900000 	
1280.974818 	750.228303 	2202.524788 	1026.807453 	
67.695876 	0.100000 	934.449049 	326.553862 	
1444.412957 	703.266517 	2345.163070 	365.036408 	
0.100000 	960.657982 	780.181906 	1028.537638 	
633.203773 	1015.361277 	1524.511751 	652.979625 	
1237.218278 	501.581110 	2188.411594 	646.431550 	
1335.597947 	2278.937427 	2289.898054 	2401.663461 	
564.491638 	1473.514662 	1404.652022 	1942.429261 	
1302.785623 	2204.008032 	2176.685802 	2499.900000 	
1569.196294 	972.875326 	2499.872459 	1216.990563 	
263.558893 	2445.635469 	1206.854652 	2256.047803 	
36.494348 	103.987587 	981.893556 	0.100000 	
366.918262 	1872.759923 	1033.353266 	1178.775227 	
476.384083 	2086.946061 	1423.671593 	1918.432724 	
429.620111 	857.714780 	1218.718342 	307.192887 	
1655.612459 	2159.386975 	2499.900000 	2499.900000 	
0.100000 	1741.303284 	803.845256 	2075.010593 	
954.963093 	2040.011490 	1915.703928 	2092.236209 	
2028.612851 	0.023210 	0.950000 	
2028.612851 	0.023210 	0.950000 	
2028.612851 	0.023210 	0.950000 	
2028.612851 	0.023210 	0.950000 	
2028.612851 	0.023210 	0.950000 	
2028.612851 	0.023210 	0.950000 	
2028.612851 	0.023210 	0.950000 	
2028.612851 	0.023210 	0.950000 	
2028.612851 	0.023210 	0.950000 	
2028.612851 	0.023210 	0.950000 	
2028.612851 	0.023210 	0.950000 	
2028.612851 	0.023210 	0.950000 	
2028.612851 	0.023210 	0.950000 	
2028.612851 	0.023210 	0.950000 	
2028.612851 	0.023210 	0.950000 	
2028.612851 	0.023210 	0.950000 	
2028.612851 	0.023210 	0.950000 	
2028.612851 	0.023210 	0.950000 	
2028.612851 	0.023210 	0.950000 	
2028.612851 	0.023210 	0.950000 	
2028.612851 	0.023210 	0.950000 	
2028.612851 	0.023210 	0.950000 	
2028.612851 	0.023210 	0.950000 	
