18
859.195500 	1608.994411 	1770.395272 	1366.647052 	
312.507389 	1183.127738 	1200.901978 	1498.995306 	
0.100000 	861.787567 	862.075981 	792.578136 	
1149.391518 	715.858674 	1853.821807 	1342.592457 	
0.100000 	1986.150196 	770.800136 	1983.881007 	
23.689990 	542.619752 	724.479980 	1173.421350 	
236.626966 	1541.153283 	781.820963 	771.880397 	
684.540326 	852.799925 	1617.915963 	986.318414 	
1126.151372 	1646.552599 	2063.192003 	1751.300499 	
1620.488781 	1094.681585 	2303.954553 	1744.213574 	
777.940111 	1581.073501 	1715.841586 	1677.810730 	
0.100000 	924.553307 	708.547177 	1531.015435 	
530.565302 	677.121590 	1224.764138 	1315.169585 	
1075.742257 	1307.419335 	1990.782414 	1080.001710 	
1401.935983 	378.955011 	2243.610591 	0.100000 	
383.382298 	871.681264 	1273.219675 	1183.461171 	
798.241704 	2499.900000 	1693.230338 	2274.395298 	
1416.328148 	1980.878431 	2357.410316 	1922.726723 	
2020.162131 	0.021193 	0.950000 	
2020.162131 	0.021193 	0.950000 	
2020.162131 	0.021193 	0.950000 	
2020.162131 	0.021193 	0.950000 	
2020.162131 	0.021193 	0.950000 	
2020.162131 	0.021193 	0.950000 	
2020.162131 	0.021193 	0.950000 	
2020.162131 	0.021193 	0.950000 	
2020.162131 	0.021193 	0.950000 	
2020.162131 	0.021193 	0.950000 	
2020.162131 	0.021193 	0.950000 	
2020.162131 	0.021193 	0.950000 	
2020.162131 	0.021193 	0.950000 	
2020.162131 	0.021193 	0.950000 	
2020.162131 	0.021193 	0.950000 	
2020.162131 	0.021193 	0.950000 	
2020.162131 	0.021193 	0.950000 	
2020.162131 	0.021193 	0.950000 	
