25
1784.671438 	863.949711 	2486.276499 	90.668765 	
573.637490 	1173.404621 	1597.338927 	967.860344 	
1757.688871 	1454.871054 	2499.900000 	955.239251 	
336.724587 	379.669900 	1369.095208 	223.388166 	
1146.978289 	1342.213374 	2157.416735 	1605.324049 	
1087.818308 	399.133847 	2077.537098 	731.804552 	
847.107231 	1164.160955 	1809.398629 	758.934667 	
1133.052020 	1553.492463 	2159.370061 	1361.439451 	
1061.745111 	601.436710 	2104.366543 	657.593902 	
87.623867 	785.807102 	1124.905951 	666.396220 	
0.100000 	1480.994661 	1024.432467 	1604.459761 	
1732.519731 	581.547090 	2499.900000 	744.857459 	
104.603909 	2247.386995 	1079.880356 	1874.494338 	
0.100000 	2492.882223 	836.009775 	2420.434776 	
1022.880322 	2213.422902 	1721.918849 	1437.821059 	
1543.590489 	632.713901 	2483.875512 	1086.671120 	
1082.134369 	1587.838475 	2094.566849 	1332.508191 	
166.060879 	507.138698 	1095.672190 	31.706378 	
468.360529 	2317.746589 	1507.305655 	2213.794164 	
729.413891 	2476.903444 	1613.489858 	1921.365178 	
1691.227068 	2048.677475 	2499.900000 	2040.125322 	
53.346363 	765.838288 	1072.273446 	537.801707 	
1618.539410 	1091.882033 	2303.551814 	1879.899220 	
1068.773588 	0.100000 	2010.284559 	281.986030 	
711.969370 	1496.875646 	1293.119471 	629.420955 	
1720.372425 	0.019490 	0.950000 	
1720.372425 	0.019490 	0.950000 	
1720.372425 	0.019490 	0.950000 	
1720.372425 	0.019490 	0.950000 	
1720.372425 	0.019490 	0.950000 	
1720.372425 	0.019490 	0.950000 	
1720.372425 	0.019490 	0.950000 	
1720.372425 	0.019490 	0.950000 	
1720.372425 	0.019490 	0.950000 	
1720.372425 	0.019490 	0.950000 	
1720.372425 	0.019490 	0.950000 	
1720.372425 	0.019490 	0.950000 	
1720.372425 	0.019490 	0.950000 	
1720.372425 	0.019490 	0.950000 	
1720.372425 	0.019490 	0.950000 	
1720.372425 	0.019490 	0.950000 	
1720.372425 	0.019490 	0.950000 	
1720.372425 	0.019490 	0.950000 	
1720.372425 	0.019490 	0.950000 	
1720.372425 	0.019490 	0.950000 	
1720.372425 	0.019490 	0.950000 	
1720.372425 	0.019490 	0.950000 	
1720.372425 	0.019490 	0.950000 	
1720.372425 	0.019490 	0.950000 	
1720.372425 	0.019490 	0.950000 	
