14
1314.747857 	1398.621928 	2309.621206 	1646.185354 	
561.814401 	2275.295897 	1342.579329 	1610.866249 	
0.100000 	1484.531421 	827.603733 	1070.789025 	
1155.710450 	38.887321 	2179.108018 	99.863121 	
1729.921336 	2393.535173 	2499.900000 	2499.900000 	
62.543155 	1238.160418 	1087.362786 	1266.539201 	
105.258744 	1182.803773 	849.006611 	477.183662 	
1589.411116 	272.723840 	2499.900000 	596.691860 	
762.356087 	1320.365416 	1664.271835 	1807.816558 	
1493.929558 	1210.995070 	2413.294250 	1664.679094 	
1370.024311 	1991.313469 	2369.630901 	1763.613453 	
117.033168 	462.772757 	1130.005009 	304.821242 	
272.167402 	1091.371607 	1216.632025 	692.564376 	
0.100000 	309.591561 	868.511520 	410.162440 	
1845.704219 	0.021839 	0.950000 	
1845.704219 	0.021839 	0.950000 	
1845.704219 	0.021839 	0.950000 	
1845.704219 	0.021839 	0.950000 	
1845.704219 	0.021839 	0.950000 	
1845.704219 	0.021839 	0.950000 	
1845.704219 	0.021839 	0.950000 	
1845.704219 	0.021839 	0.950000 	
1845.704219 	0.021839 	0.950000 	
1845.704219 	0.021839 	0.950000 	
1845.704219 	0.021839 	0.950000 	
1845.704219 	0.021839 	0.950000 	
1845.704219 	0.021839 	0.950000 	
1845.704219 	0.021839 	0.950000 	
