15
800.746747 	1189.905246 	1779.463123 	1021.621820 	
449.972305 	81.770130 	1440.878381 	16.117988 	
55.282534 	869.704388 	1044.706481 	784.585013 	
936.822190 	956.011887 	1907.546079 	1165.535597 	
283.541513 	600.068106 	1265.039758 	751.284011 	
0.100000 	348.267446 	813.997038 	637.001544 	
1379.555302 	1735.062253 	2140.177767 	2373.543672 	
295.210671 	845.381870 	1175.930760 	1304.225177 	
699.990155 	2459.193188 	1569.619097 	1979.661584 	
1322.641258 	1371.368226 	1928.543082 	584.546751 	
502.738050 	1750.571964 	1434.174791 	2094.999973 	
1349.658685 	1319.707723 	2095.701612 	664.249862 	
543.046276 	2008.269766 	1535.783625 	2034.300714 	
1120.340640 	1880.774808 	2113.322827 	1894.610687 	
1339.664924 	562.498522 	1976.524797 	1324.479203 	
1898.535387 	0.020472 	0.950000 	
1898.535387 	0.020472 	0.950000 	
1898.535387 	0.020472 	0.950000 	
1898.535387 	0.020472 	0.950000 	
1898.535387 	0.020472 	0.950000 	
1898.535387 	0.020472 	0.950000 	
1898.535387 	0.020472 	0.950000 	
1898.535387 	0.020472 	0.950000 	
1898.535387 	0.020472 	0.950000 	
1898.535387 	0.020472 	0.950000 	
1898.535387 	0.020472 	0.950000 	
1898.535387 	0.020472 	0.950000 	
1898.535387 	0.020472 	0.950000 	
1898.535387 	0.020472 	0.950000 	
1898.535387 	0.020472 	0.950000 	
