22
0.100000 	476.798701 	772.673098 	47.312363 	
1415.244695 	2014.725746 	2393.324596 	2277.038055 	
448.145580 	1589.920135 	1411.799246 	1901.078696 	
1478.544688 	1633.728387 	2408.299147 	2034.982279 	
235.833389 	1630.388896 	1248.444879 	1622.264226 	
921.543545 	1168.816831 	1904.421465 	1412.535998 	
1740.739327 	486.677537 	2499.900000 	1145.263139 	
0.100000 	1643.904476 	851.786993 	1664.976508 	
0.100000 	329.255227 	863.042427 	258.572196 	
0.100000 	44.893245 	679.777184 	694.193825 	
1333.116684 	471.373022 	1892.797373 	0.100000 	
949.052170 	2499.900000 	1945.461937 	2320.430357 	
185.358982 	2012.788111 	770.761156 	2499.900000 	
1344.821417 	402.856920 	2340.159985 	216.445616 	
991.587259 	1279.039537 	1979.815090 	1058.010597 	
0.100000 	1876.276882 	839.149812 	1407.193135 	
0.100000 	570.335492 	870.530125 	880.592341 	
179.776980 	2259.484065 	864.252575 	1513.199133 	
1346.204610 	1551.642855 	2309.360669 	1238.947402 	
0.100000 	957.677703 	928.620693 	1181.285275 	
219.415624 	668.272038 	1232.059544 	667.698248 	
246.095712 	1761.521381 	1228.495938 	2007.158990 	
2136.173559 	0.017425 	0.950000 	
2136.173559 	0.017425 	0.950000 	
2136.173559 	0.017425 	0.950000 	
2136.173559 	0.017425 	0.950000 	
2136.173559 	0.017425 	0.950000 	
2136.173559 	0.017425 	0.950000 	
2136.173559 	0.017425 	0.950000 	
2136.173559 	0.017425 	0.950000 	
2136.173559 	0.017425 	0.950000 	
2136.173559 	0.017425 	0.950000 	
2136.173559 	0.017425 	0.950000 	
2136.173559 	0.017425 	0.950000 	
2136.173559 	0.017425 	0.950000 	
2136.173559 	0.017425 	0.950000 	
2136.173559 	0.017425 	0.950000 	
2136.173559 	0.017425 	0.950000 	
2136.173559 	0.017425 	0.950000 	
2136.173559 	0.017425 	0.950000 	
2136.173559 	0.017425 	0.950000 	
2136.173559 	0.017425 	0.950000 	
2136.173559 	0.017425 	0.950000 	
2136.173559 	0.017425 	0.950000 	
