29
216.917883 	948.574050 	866.304897 	1686.550714 	
1594.374302 	452.551266 	2499.900000 	141.715117 	
1038.934401 	957.508313 	2021.842592 	943.206638 	
223.319415 	1689.619800 	928.438871 	2374.542865 	
901.335656 	713.738206 	1862.306708 	506.741372 	
1729.344892 	1904.122223 	2497.119656 	2499.900000 	
1349.949259 	1626.101727 	2282.458276 	1937.132247 	
1129.984976 	934.655646 	2112.763572 	956.086544 	
695.650697 	690.238924 	1669.226443 	554.359131 	
383.830893 	328.885416 	1157.441490 	935.383310 	
916.067109 	1782.642805 	1861.005576 	2053.575167 	
271.131364 	245.534037 	1223.951288 	3.775388 	
402.930683 	1637.719860 	1374.275683 	1788.722978 	
1609.022683 	1716.816823 	2499.900000 	1384.573788 	
1529.774488 	1837.979412 	2499.900000 	1895.443738 	
1433.956756 	2164.978522 	2244.400941 	2499.900000 	
1620.794551 	857.874403 	2499.900000 	1061.693160 	
137.882899 	794.975210 	1077.476904 	506.052802 	
798.158249 	2126.716878 	1772.006344 	2260.630802 	
1030.843052 	2148.246362 	1977.178214 	1882.233556 	
1731.463460 	802.629309 	2421.265923 	1502.976090 	
1203.403686 	545.686214 	1952.469330 	0.100000 	
553.271432 	1536.547979 	1503.499860 	1284.796148 	
1260.891820 	321.823148 	2199.138506 	615.091298 	
1419.047760 	1484.836778 	2351.491678 	1173.611151 	
959.195597 	884.130663 	1942.183576 	891.035946 	
0.100000 	662.010808 	895.353226 	911.906716 	
1661.948766 	1583.849849 	2499.900000 	2049.857495 	
0.100000 	1464.444836 	816.487282 	1114.419454 	
1905.665502 	0.019772 	0.950000 	
1905.665502 	0.019772 	0.950000 	
1905.665502 	0.019772 	0.950000 	
1905.665502 	0.019772 	0.950000 	
1905.665502 	0.019772 	0.950000 	
1905.665502 	0.019772 	0.950000 	
1905.665502 	0.019772 	0.950000 	
1905.665502 	0.019772 	0.950000 	
1905.665502 	0.019772 	0.950000 	
1905.665502 	0.019772 	0.950000 	
1905.665502 	0.019772 	0.950000 	
1905.665502 	0.019772 	0.950000 	
1905.665502 	0.019772 	0.950000 	
1905.665502 	0.019772 	0.950000 	
1905.665502 	0.019772 	0.950000 	
1905.665502 	0.019772 	0.950000 	
1905.665502 	0.019772 	0.950000 	
1905.665502 	0.019772 	0.950000 	
1905.665502 	0.019772 	0.950000 	
1905.665502 	0.019772 	0.950000 	
1905.665502 	0.019772 	0.950000 	
1905.665502 	0.019772 	0.950000 	
1905.665502 	0.019772 	0.950000 	
1905.665502 	0.019772 	0.950000 	
1905.665502 	0.019772 	0.950000 	
1905.665502 	0.019772 	0.950000 	
1905.665502 	0.019772 	0.950000 	
1905.665502 	0.019772 	0.950000 	
1905.665502 	0.019772 	0.950000 	
