18
105.725307 	1162.749555 	841.097670 	1900.082792 	
37.793697 	2284.913674 	1007.376499 	2499.900000 	
1094.098802 	1407.109232 	2120.510417 	1231.291114 	
736.489396 	1067.550602 	1744.218680 	1330.066324 	
113.936978 	2076.748985 	1144.904646 	1929.989043 	
739.207923 	427.115829 	1740.815377 	712.098849 	
102.965151 	970.423069 	987.467737 	1520.048387 	
0.100000 	2499.900000 	780.644309 	1945.336394 	
1472.667785 	1231.959622 	2430.182912 	1641.346474 	
933.473443 	1830.855899 	1808.764667 	2395.035026 	
1588.627685 	1836.894795 	2499.900000 	1856.306665 	
1240.357787 	1135.243383 	2046.311015 	1794.691796 	
895.870488 	585.083826 	1935.293372 	648.588804 	
1420.359585 	1909.161837 	2341.229261 	1422.919249 	
1668.862446 	603.770396 	2347.193172 	0.100000 	
1711.599175 	1632.876855 	2499.900000 	1496.922071 	
0.100000 	1508.364414 	751.417685 	1796.358376 	
1464.236219 	1759.646963 	2497.518145 	1889.112313 	
1884.582883 	0.020288 	0.950000 	
1884.582883 	0.020288 	0.950000 	
1884.582883 	0.020288 	0.950000 	
1884.582883 	0.020288 	0.950000 	
1884.582883 	0.020288 	0.950000 	
1884.582883 	0.020288 	0.950000 	
1884.582883 	0.020288 	0.950000 	
1884.582883 	0.020288 	0.950000 	
1884.582883 	0.020288 	0.950000 	
1884.582883 	0.020288 	0.950000 	
1884.582883 	0.020288 	0.950000 	
1884.582883 	0.020288 	0.950000 	
1884.582883 	0.020288 	0.950000 	
1884.582883 	0.020288 	0.950000 	
1884.582883 	0.020288 	0.950000 	
1884.582883 	0.020288 	0.950000 	
1884.582883 	0.020288 	0.950000 	
1884.582883 	0.020288 	0.950000 	
