20
1016.480757 	1770.244834 	1998.292611 	1654.297639 	
1619.870940 	2407.356150 	2391.184761 	1788.911926 	
1081.668115 	2389.784951 	2067.738844 	2460.938213 	
1509.078990 	588.255355 	2492.575457 	487.592709 	
759.040349 	2151.615109 	1611.027726 	1650.101623 	
88.543283 	1677.280624 	976.800831 	1243.233625 	
0.100000 	1153.096652 	858.620390 	861.661236 	
1186.553516 	1323.610284 	2170.416111 	1226.591405 	
471.697809 	1537.267193 	1260.246303 	940.953902 	
1099.272522 	1663.718434 	2085.383364 	1593.123279 	
1074.902420 	1740.910462 	2034.780922 	1977.620261 	
823.178435 	827.736552 	1801.016919 	682.030793 	
1204.352431 	357.840429 	2156.075696 	90.219247 	
768.825055 	2006.018327 	1750.417437 	2123.809085 	
777.175662 	766.826429 	1674.821772 	1181.108616 	
758.942238 	2024.512993 	1732.410998 	1852.011273 	
1635.912834 	538.513605 	2499.900000 	358.331871 	
610.763338 	537.586112 	1446.363394 	9.219937 	
25.962851 	2448.059253 	942.617812 	2077.732438 	
250.456266 	2074.369114 	1211.237950 	2307.385905 	
2152.912310 	0.021340 	0.950000 	
2152.912310 	0.021340 	0.950000 	
2152.912310 	0.021340 	0.950000 	
2152.912310 	0.021340 	0.950000 	
2152.912310 	0.021340 	0.950000 	
2152.912310 	0.021340 	0.950000 	
2152.912310 	0.021340 	0.950000 	
2152.912310 	0.021340 	0.950000 	
2152.912310 	0.021340 	0.950000 	
2152.912310 	0.021340 	0.950000 	
2152.912310 	0.021340 	0.950000 	
2152.912310 	0.021340 	0.950000 	
2152.912310 	0.021340 	0.950000 	
2152.912310 	0.021340 	0.950000 	
2152.912310 	0.021340 	0.950000 	
2152.912310 	0.021340 	0.950000 	
2152.912310 	0.021340 	0.950000 	
2152.912310 	0.021340 	0.950000 	
2152.912310 	0.021340 	0.950000 	
2152.912310 	0.021340 	0.950000 	
