25
194.862241 	1236.630204 	1098.024937 	1477.435361 	
177.199478 	1414.340545 	1103.086655 	1286.188617 	
527.735407 	500.125604 	1279.623186 	1055.422594 	
1543.411911 	187.415241 	2477.939531 	168.757619 	
748.446506 	601.586842 	1635.960955 	308.315494 	
597.491310 	312.538884 	1518.386179 	152.405751 	
167.421547 	1004.110786 	1049.504359 	1313.335452 	
1721.865706 	0.100000 	2499.900000 	59.124301 	
625.737943 	2127.723910 	1504.085008 	2447.405648 	
1471.790531 	1594.151588 	2406.159055 	1619.557108 	
1218.993010 	0.100000 	1742.307379 	390.791771 	
632.328648 	360.322990 	1374.115664 	0.100000 	
1543.226839 	597.172114 	2465.500158 	445.179002 	
1352.603539 	1152.870340 	2286.806170 	1121.960385 	
712.838673 	301.787971 	1646.978460 	334.542196 	
1484.947197 	0.100000 	2270.960510 	274.538699 	
1581.265772 	1777.472396 	2499.900000 	1857.925610 	
641.595642 	906.367509 	1575.358530 	864.214821 	
451.471501 	1938.525734 	1385.846177 	1963.703997 	
996.141233 	955.712537 	1890.447185 	1227.570671 	
1603.648657 	1216.377835 	2499.900000 	966.396077 	
1194.080598 	40.726355 	2114.185199 	205.339546 	
623.073267 	393.566393 	1386.747141 	0.100000 	
1252.778649 	242.209597 	2187.045052 	213.291280 	
1722.449038 	1654.026700 	2499.900000 	1316.158457 	
2056.505848 	0.017750 	0.950000 	
2056.505848 	0.017750 	0.950000 	
2056.505848 	0.017750 	0.950000 	
2056.505848 	0.017750 	0.950000 	
2056.505848 	0.017750 	0.950000 	
2056.505848 	0.017750 	0.950000 	
2056.505848 	0.017750 	0.950000 	
2056.505848 	0.017750 	0.950000 	
2056.505848 	0.017750 	0.950000 	
2056.505848 	0.017750 	0.950000 	
2056.505848 	0.017750 	0.950000 	
2056.505848 	0.017750 	0.950000 	
2056.505848 	0.017750 	0.950000 	
2056.505848 	0.017750 	0.950000 	
2056.505848 	0.017750 	0.950000 	
2056.505848 	0.017750 	0.950000 	
2056.505848 	0.017750 	0.950000 	
2056.505848 	0.017750 	0.950000 	
2056.505848 	0.017750 	0.950000 	
2056.505848 	0.017750 	0.950000 	
2056.505848 	0.017750 	0.950000 	
2056.505848 	0.017750 	0.950000 	
2056.505848 	0.017750 	0.950000 	
2056.505848 	0.017750 	0.950000 	
2056.505848 	0.017750 	0.950000 	
