18
59.341914 	1320.517566 	910.837294 	1783.472169 	
144.371580 	1663.636484 	1051.778518 	2004.200715 	
1027.093929 	656.367695 	1982.542727 	493.613459 	
1515.347776 	299.131899 	2352.213247 	0.100000 	
816.411654 	517.619495 	1723.919765 	177.324953 	
101.067336 	1860.516114 	1061.987640 	1987.021121 	
1237.930454 	2499.900000 	2119.290676 	2222.809688 	
1585.052856 	1040.341425 	2499.900000 	893.630655 	
203.029650 	2499.900000 	1171.121315 	2460.278513 	
1523.491975 	940.142074 	2460.353816 	691.825265 	
203.564906 	460.555739 	1143.778868 	225.249442 	
1440.636559 	1004.895635 	2406.023202 	918.872515 	
1495.291234 	1510.601363 	2441.915523 	1302.577799 	
877.926416 	1828.362025 	1715.583476 	1340.815109 	
740.252288 	1215.786479 	1669.198889 	1492.245446 	
1576.414269 	958.699226 	2483.118262 	616.267896 	
0.100000 	206.723382 	825.275750 	589.910235 	
788.706258 	446.694571 	1749.118242 	316.386597 	
2259.114165 	0.020522 	0.950000 	
2259.114165 	0.020522 	0.950000 	
2259.114165 	0.020522 	0.950000 	
2259.114165 	0.020522 	0.950000 	
2259.114165 	0.020522 	0.950000 	
2259.114165 	0.020522 	0.950000 	
2259.114165 	0.020522 	0.950000 	
2259.114165 	0.020522 	0.950000 	
2259.114165 	0.020522 	0.950000 	
2259.114165 	0.020522 	0.950000 	
2259.114165 	0.020522 	0.950000 	
2259.114165 	0.020522 	0.950000 	
2259.114165 	0.020522 	0.950000 	
2259.114165 	0.020522 	0.950000 	
2259.114165 	0.020522 	0.950000 	
2259.114165 	0.020522 	0.950000 	
2259.114165 	0.020522 	0.950000 	
2259.114165 	0.020522 	0.950000 	
