22
517.796705 	327.562477 	1400.694714 	668.109399 	
1361.180430 	2280.715434 	2239.064370 	2499.900000 	
405.026353 	2123.918112 	1042.192875 	1424.275401 	
1466.596345 	447.223280 	2412.737451 	429.957448 	
1443.596202 	2321.092191 	2322.511681 	1970.394771 	
1477.386254 	2360.590349 	2407.527202 	2186.467066 	
622.889200 	2106.121770 	1357.858204 	2499.900000 	
565.194705 	1568.734117 	1467.723421 	1284.264404 	
1599.241059 	1697.751819 	2346.097933 	1116.644333 	
705.811929 	408.786926 	1649.824843 	474.519098 	
918.512300 	1307.317027 	1863.680580 	1261.078274 	
1173.750393 	1448.049842 	2107.476842 	1294.309738 	
1726.623367 	253.014704 	2499.900000 	573.372509 	
881.121332 	1130.407360 	1804.130585 	1339.057832 	
1055.149988 	1268.199213 	1991.156305 	1407.387124 	
921.431260 	548.375999 	1862.138697 	445.659800 	
1635.539597 	1493.076852 	2499.900000 	1622.767709 	
1507.474373 	119.796921 	2447.587906 	11.780047 	
117.791842 	762.433874 	1061.565161 	831.520932 	
146.326327 	1226.276740 	1068.469789 	1438.720932 	
268.062095 	754.011190 	1205.955376 	879.857497 	
1296.829158 	1629.041433 	2210.288262 	1381.910770 	
1791.968449 	0.021995 	0.950000 	
1791.968449 	0.021995 	0.950000 	
1791.968449 	0.021995 	0.950000 	
1791.968449 	0.021995 	0.950000 	
1791.968449 	0.021995 	0.950000 	
1791.968449 	0.021995 	0.950000 	
1791.968449 	0.021995 	0.950000 	
1791.968449 	0.021995 	0.950000 	
1791.968449 	0.021995 	0.950000 	
1791.968449 	0.021995 	0.950000 	
1791.968449 	0.021995 	0.950000 	
1791.968449 	0.021995 	0.950000 	
1791.968449 	0.021995 	0.950000 	
1791.968449 	0.021995 	0.950000 	
1791.968449 	0.021995 	0.950000 	
1791.968449 	0.021995 	0.950000 	
1791.968449 	0.021995 	0.950000 	
1791.968449 	0.021995 	0.950000 	
1791.968449 	0.021995 	0.950000 	
1791.968449 	0.021995 	0.950000 	
1791.968449 	0.021995 	0.950000 	
1791.968449 	0.021995 	0.950000 	
