16
1077.679819 	1939.769412 	1877.831552 	1358.314432 	
1096.601246 	2013.193036 	2050.830523 	1752.848694 	
188.193768 	2188.688538 	1111.904615 	1835.006531 	
1720.865077 	0.100000 	2499.900000 	279.977670 	
1099.778959 	2066.877288 	2060.644979 	1832.209049 	
898.846937 	1655.950933 	1766.352420 	1180.801559 	
1499.977159 	270.775360 	2475.898327 	109.807775 	
887.325151 	760.484186 	1840.864717 	497.624936 	
0.100000 	282.811828 	784.731233 	384.460815 	
722.846056 	1456.041239 	1707.876152 	1366.328370 	
1453.208909 	1624.869245 	2278.733408 	1080.037169 	
1240.252041 	60.571672 	2203.785423 	284.035567 	
905.097834 	2499.900000 	1884.119747 	2400.634312 	
0.100000 	743.195482 	748.857304 	512.281720 	
1219.418185 	951.042666 	2153.703670 	626.322292 	
678.139392 	599.946298 	1619.566975 	903.338446 	
1689.437390 	0.024342 	0.950000 	
1689.437390 	0.024342 	0.950000 	
1689.437390 	0.024342 	0.950000 	
1689.437390 	0.024342 	0.950000 	
1689.437390 	0.024342 	0.950000 	
1689.437390 	0.024342 	0.950000 	
1689.437390 	0.024342 	0.950000 	
1689.437390 	0.024342 	0.950000 	
1689.437390 	0.024342 	0.950000 	
1689.437390 	0.024342 	0.950000 	
1689.437390 	0.024342 	0.950000 	
1689.437390 	0.024342 	0.950000 	
1689.437390 	0.024342 	0.950000 	
1689.437390 	0.024342 	0.950000 	
1689.437390 	0.024342 	0.950000 	
1689.437390 	0.024342 	0.950000 	
