15
1499.243672 	2142.621218 	2482.657788 	2180.741514 	
1067.591216 	747.650817 	1844.209509 	1352.151030 	
291.399111 	546.606652 	1269.807793 	652.780716 	
1492.256925 	1426.086179 	2466.953395 	1562.186403 	
0.100000 	1421.973648 	804.629191 	975.048370 	
674.478220 	2214.289161 	1656.537321 	2278.448348 	
1225.023937 	2189.100741 	2163.814640 	2484.445448 	
506.571016 	2298.760706 	1349.425590 	1790.673463 	
607.879255 	1561.310086 	1497.000173 	1983.234809 	
1025.049009 	1452.652788 	1582.870000 	2263.450064 	
1635.648022 	2499.900000 	2441.294836 	1966.657360 	
1467.995673 	520.036563 	2145.446960 	0.100000 	
0.100000 	853.804843 	880.611578 	825.751013 	
337.195473 	0.100000 	1277.942641 	155.363843 	
516.916350 	2086.016913 	1500.562989 	2054.461102 	
2001.299607 	0.017871 	0.950000 	
2001.299607 	0.017871 	0.950000 	
2001.299607 	0.017871 	0.950000 	
2001.299607 	0.017871 	0.950000 	
2001.299607 	0.017871 	0.950000 	
2001.299607 	0.017871 	0.950000 	
2001.299607 	0.017871 	0.950000 	
2001.299607 	0.017871 	0.950000 	
2001.299607 	0.017871 	0.950000 	
2001.299607 	0.017871 	0.950000 	
2001.299607 	0.017871 	0.950000 	
2001.299607 	0.017871 	0.950000 	
2001.299607 	0.017871 	0.950000 	
2001.299607 	0.017871 	0.950000 	
2001.299607 	0.017871 	0.950000 	
