18
1768.258619 	1224.836727 	2499.900000 	897.542929 	
235.747736 	1344.204298 	1143.855379 	1692.082631 	
485.368510 	63.392987 	1430.955801 	290.424925 	
308.441581 	2203.747341 	1256.525935 	2420.114814 	
364.257639 	1475.954615 	1301.734496 	1734.442465 	
178.252483 	73.516394 	1075.305683 	448.981946 	
0.100000 	1566.102151 	745.601474 	1935.023217 	
662.620822 	983.078068 	1634.995906 	995.943576 	
258.631628 	297.790074 	1215.929145 	126.733679 	
1501.681996 	557.319463 	2473.224183 	515.074875 	
877.316921 	394.837103 	1737.126149 	849.157384 	
1644.850801 	787.012544 	2499.900000 	346.253143 	
1723.523978 	1864.397407 	2499.900000 	1650.624548 	
974.863272 	1691.696578 	1866.840563 	2079.066348 	
28.308070 	1209.634431 	947.593460 	1526.798738 	
1626.012308 	1477.731238 	2499.900000 	1289.685862 	
952.494208 	1615.878789 	1921.748882 	1536.985169 	
1531.910238 	2493.371869 	2499.900000 	2433.912883 	
1511.350175 	0.019145 	0.950000 	
1511.350175 	0.019145 	0.950000 	
1511.350175 	0.019145 	0.950000 	
1511.350175 	0.019145 	0.950000 	
1511.350175 	0.019145 	0.950000 	
1511.350175 	0.019145 	0.950000 	
1511.350175 	0.019145 	0.950000 	
1511.350175 	0.019145 	0.950000 	
1511.350175 	0.019145 	0.950000 	
1511.350175 	0.019145 	0.950000 	
1511.350175 	0.019145 	0.950000 	
1511.350175 	0.019145 	0.950000 	
1511.350175 	0.019145 	0.950000 	
1511.350175 	0.019145 	0.950000 	
1511.350175 	0.019145 	0.950000 	
1511.350175 	0.019145 	0.950000 	
1511.350175 	0.019145 	0.950000 	
1511.350175 	0.019145 	0.950000 	
