28
1283.770133 	1522.865396 	2261.573604 	1676.400513 	
561.190653 	903.698282 	1549.457690 	958.478977 	
1156.800885 	630.229227 	2040.357980 	184.135604 	
858.682148 	1011.298257 	1845.620489 	936.295784 	
0.100000 	2266.037062 	770.180761 	1733.845770 	
373.274411 	1055.449423 	1356.709339 	943.519076 	
1742.537345 	2117.505186 	2499.900000 	1658.090239 	
1618.214351 	750.456077 	2499.900000 	725.595982 	
512.045150 	1570.451938 	1500.061756 	1629.577615 	
999.380536 	2306.394121 	1971.300232 	2119.191651 	
978.481984 	228.070028 	1771.651581 	820.146586 	
1486.029631 	947.484164 	2336.213208 	1454.298276 	
1744.850439 	21.588939 	2499.900000 	543.348859 	
0.100000 	217.146661 	882.646915 	444.701539 	
1554.192005 	10.776505 	2497.905582 	309.234782 	
896.394873 	324.561311 	1853.394293 	71.925667 	
144.481047 	1541.779582 	1132.939455 	1592.991238 	
245.314060 	1239.474667 	1140.497103 	817.195164 	
1168.827566 	1549.930470 	2154.224632 	1643.017960 	
997.581423 	1926.789543 	1889.464321 	2355.995270 	
973.229822 	2116.281901 	1871.954470 	1701.593263 	
1693.760250 	2480.950212 	2499.900000 	2399.851269 	
998.373489 	2223.285244 	1828.600212 	1684.400982 	
0.100000 	2222.241157 	930.532326 	2455.674860 	
145.005910 	1617.882247 	1021.405377 	2077.878589 	
8.355386 	419.219694 	900.019794 	848.879144 	
87.205549 	1992.111280 	997.782870 	1604.140144 	
1117.297673 	1869.804351 	2068.961394 	1597.758727 	
1920.975321 	0.018945 	0.950000 	
1920.975321 	0.018945 	0.950000 	
1920.975321 	0.018945 	0.950000 	
1920.975321 	0.018945 	0.950000 	
1920.975321 	0.018945 	0.950000 	
1920.975321 	0.018945 	0.950000 	
1920.975321 	0.018945 	0.950000 	
1920.975321 	0.018945 	0.950000 	
1920.975321 	0.018945 	0.950000 	
1920.975321 	0.018945 	0.950000 	
1920.975321 	0.018945 	0.950000 	
1920.975321 	0.018945 	0.950000 	
1920.975321 	0.018945 	0.950000 	
1920.975321 	0.018945 	0.950000 	
1920.975321 	0.018945 	0.950000 	
1920.975321 	0.018945 	0.950000 	
1920.975321 	0.018945 	0.950000 	
1920.975321 	0.018945 	0.950000 	
1920.975321 	0.018945 	0.950000 	
1920.975321 	0.018945 	0.950000 	
1920.975321 	0.018945 	0.950000 	
1920.975321 	0.018945 	0.950000 	
1920.975321 	0.018945 	0.950000 	
1920.975321 	0.018945 	0.950000 	
1920.975321 	0.018945 	0.950000 	
1920.975321 	0.018945 	0.950000 	
1920.975321 	0.018945 	0.950000 	
1920.975321 	0.018945 	0.950000 	
