20
979.859643 	1902.506053 	2037.942301 	2208.404920 	
1351.036401 	1177.947779 	2333.679865 	1675.466474 	
1129.674101 	1654.434840 	2135.091230 	1204.713341 	
462.136639 	442.399350 	1419.094810 	987.692012 	
1653.935657 	1999.775245 	2499.900000 	1495.892551 	
787.942020 	2216.108145 	1792.819253 	1765.181572 	
1626.015180 	1247.736823 	2499.900000 	960.208458 	
0.100000 	958.481110 	925.027484 	1272.596948 	
161.258138 	1388.799353 	1166.869655 	939.512689 	
1254.099036 	625.420014 	2346.012220 	769.775922 	
1534.856627 	1599.751564 	2499.900000 	1777.125028 	
1265.402560 	2225.851297 	2364.800031 	2292.471334 	
303.369237 	2152.327875 	1378.767547 	2390.301619 	
60.369778 	2112.761620 	1047.013111 	1623.223101 	
1437.664200 	439.017423 	2453.977889 	863.540113 	
1269.549254 	1699.552591 	2369.869111 	1748.636609 	
263.433038 	173.848183 	1319.892971 	485.305144 	
195.480545 	516.199798 	1215.762274 	101.304363 	
341.454337 	466.005460 	1442.638531 	488.508806 	
1390.798303 	178.273445 	2427.448915 	550.387052 	
1983.130318 	0.016293 	0.950000 	
1983.130318 	0.016293 	0.950000 	
1983.130318 	0.016293 	0.950000 	
1983.130318 	0.016293 	0.950000 	
1983.130318 	0.016293 	0.950000 	
1983.130318 	0.016293 	0.950000 	
1983.130318 	0.016293 	0.950000 	
1983.130318 	0.016293 	0.950000 	
1983.130318 	0.016293 	0.950000 	
1983.130318 	0.016293 	0.950000 	
1983.130318 	0.016293 	0.950000 	
1983.130318 	0.016293 	0.950000 	
1983.130318 	0.016293 	0.950000 	
1983.130318 	0.016293 	0.950000 	
1983.130318 	0.016293 	0.950000 	
1983.130318 	0.016293 	0.950000 	
1983.130318 	0.016293 	0.950000 	
1983.130318 	0.016293 	0.950000 	
1983.130318 	0.016293 	0.950000 	
1983.130318 	0.016293 	0.950000 	
