27
1425.013400 	793.237786 	2435.040216 	1260.286192 	
711.261550 	2018.534842 	1758.869595 	1643.293897 	
0.100000 	573.460427 	874.645337 	182.065967 	
1285.164298 	2233.695044 	2326.909178 	1842.471339 	
595.776305 	2046.088917 	1610.913239 	2499.900000 	
254.321525 	1974.491427 	1365.526000 	1915.220879 	
369.086946 	1989.481631 	1464.945101 	1796.134051 	
427.779962 	994.967437 	1539.979846 	1031.020181 	
1328.586943 	1534.631677 	2350.582698 	1974.873724 	
0.100000 	1448.346363 	882.690873 	1378.958323 	
1151.045341 	1394.430399 	2255.632001 	1529.251361 	
1653.559553 	1301.306376 	2337.178284 	423.266620 	
284.248032 	1904.781516 	1359.011098 	1616.384681 	
1055.401862 	628.447961 	2071.995176 	175.870434 	
174.815465 	141.975286 	1252.731036 	0.100000 	
962.238836 	1569.014690 	2025.576930 	1240.989571 	
0.100000 	1458.016391 	949.013186 	1274.404234 	
1637.444149 	1483.757124 	2499.900000 	1270.381685 	
932.005269 	1594.220777 	2007.874558 	1878.463027 	
547.195000 	2021.328434 	1487.665719 	2499.900000 	
0.100000 	2499.900000 	769.466347 	2045.075872 	
1535.428864 	1904.706741 	2394.833483 	2499.900000 	
969.837797 	1241.637865 	1944.334945 	1778.893567 	
1389.664931 	2295.068637 	2499.900000 	2335.980148 	
806.559785 	0.100000 	1711.905202 	615.876874 	
0.100000 	798.602179 	819.645082 	905.405361 	
1575.816937 	308.829940 	2499.900000 	0.100000 	
2446.493740 	0.018452 	0.950000 	
2446.493740 	0.018452 	0.950000 	
2446.493740 	0.018452 	0.950000 	
2446.493740 	0.018452 	0.950000 	
2446.493740 	0.018452 	0.950000 	
2446.493740 	0.018452 	0.950000 	
2446.493740 	0.018452 	0.950000 	
2446.493740 	0.018452 	0.950000 	
2446.493740 	0.018452 	0.950000 	
2446.493740 	0.018452 	0.950000 	
2446.493740 	0.018452 	0.950000 	
2446.493740 	0.018452 	0.950000 	
2446.493740 	0.018452 	0.950000 	
2446.493740 	0.018452 	0.950000 	
2446.493740 	0.018452 	0.950000 	
2446.493740 	0.018452 	0.950000 	
2446.493740 	0.018452 	0.950000 	
2446.493740 	0.018452 	0.950000 	
2446.493740 	0.018452 	0.950000 	
2446.493740 	0.018452 	0.950000 	
2446.493740 	0.018452 	0.950000 	
2446.493740 	0.018452 	0.950000 	
2446.493740 	0.018452 	0.950000 	
2446.493740 	0.018452 	0.950000 	
2446.493740 	0.018452 	0.950000 	
2446.493740 	0.018452 	0.950000 	
2446.493740 	0.018452 	0.950000 	
