25
144.664116 	2499.900000 	982.567435 	2082.726393 	
503.140751 	1439.052986 	1300.996385 	894.731085 	
404.569963 	540.353395 	1351.677751 	729.685857 	
1559.569334 	1020.081052 	2499.900000 	1136.011185 	
293.597752 	1930.420510 	1194.498965 	1582.229546 	
444.336637 	780.285951 	1298.379427 	1231.363389 	
584.855021 	448.339875 	1550.620612 	460.860518 	
1183.666870 	2117.203050 	2148.376707 	2164.052531 	
57.143447 	1408.652364 	1017.406934 	1512.353759 	
1530.745225 	793.005890 	2454.543042 	1074.888023 	
17.375285 	282.088157 	815.248302 	826.384577 	
693.105633 	597.079720 	1653.845720 	497.890869 	
0.100000 	1609.103933 	686.396046 	1002.058283 	
1311.221425 	896.393556 	2201.580706 	1270.720012 	
1198.858217 	2025.332834 	2101.312461 	1681.187108 	
252.560444 	0.100000 	1105.488541 	402.714904 	
1139.767859 	2229.130534 	2079.850883 	2007.536648 	
962.154009 	1432.747422 	1767.016714 	1966.653751 	
1492.421982 	491.938139 	2410.293628 	191.319470 	
929.573096 	2350.353411 	1804.688872 	1941.657532 	
1604.323197 	322.349126 	2499.900000 	676.821498 	
673.657849 	1764.675746 	1504.412967 	1272.023863 	
500.478666 	1230.074998 	1432.034745 	1485.149920 	
752.171927 	323.189770 	1703.778143 	488.433690 	
279.765005 	41.288107 	1244.083559 	0.100000 	
2411.562127 	0.019251 	0.950000 	
2411.562127 	0.019251 	0.950000 	
2411.562127 	0.019251 	0.950000 	
2411.562127 	0.019251 	0.950000 	
2411.562127 	0.019251 	0.950000 	
2411.562127 	0.019251 	0.950000 	
2411.562127 	0.019251 	0.950000 	
2411.562127 	0.019251 	0.950000 	
2411.562127 	0.019251 	0.950000 	
2411.562127 	0.019251 	0.950000 	
2411.562127 	0.019251 	0.950000 	
2411.562127 	0.019251 	0.950000 	
2411.562127 	0.019251 	0.950000 	
2411.562127 	0.019251 	0.950000 	
2411.562127 	0.019251 	0.950000 	
2411.562127 	0.019251 	0.950000 	
2411.562127 	0.019251 	0.950000 	
2411.562127 	0.019251 	0.950000 	
2411.562127 	0.019251 	0.950000 	
2411.562127 	0.019251 	0.950000 	
2411.562127 	0.019251 	0.950000 	
2411.562127 	0.019251 	0.950000 	
2411.562127 	0.019251 	0.950000 	
2411.562127 	0.019251 	0.950000 	
2411.562127 	0.019251 	0.950000 	
