15
1767.359149 	1670.247483 	2499.900000 	1746.292093 	
755.925754 	1285.476699 	1567.449054 	1757.320693 	
695.544577 	314.556755 	1508.618947 	783.722919 	
265.558940 	1242.607414 	1087.300176 	788.792297 	
258.776953 	1296.152221 	1014.220968 	1853.387503 	
1461.899830 	1267.683461 	2369.117153 	1508.854663 	
1235.780447 	277.099157 	2170.767951 	360.796153 	
841.968656 	464.519316 	1777.014120 	381.472342 	
1472.166591 	176.309264 	2344.156359 	0.100000 	
804.712486 	1027.896697 	1742.785240 	1062.915659 	
886.943984 	1268.454610 	1820.903401 	1173.973784 	
387.458737 	29.920157 	965.680839 	769.424059 	
957.584872 	1632.097445 	1893.697633 	1702.095441 	
67.251166 	76.737783 	1003.801735 	12.864063 	
0.100000 	301.774149 	823.803017 	296.602633 	
2414.359989 	0.021274 	0.950000 	
2414.359989 	0.021274 	0.950000 	
2414.359989 	0.021274 	0.950000 	
2414.359989 	0.021274 	0.950000 	
2414.359989 	0.021274 	0.950000 	
2414.359989 	0.021274 	0.950000 	
2414.359989 	0.021274 	0.950000 	
2414.359989 	0.021274 	0.950000 	
2414.359989 	0.021274 	0.950000 	
2414.359989 	0.021274 	0.950000 	
2414.359989 	0.021274 	0.950000 	
2414.359989 	0.021274 	0.950000 	
2414.359989 	0.021274 	0.950000 	
2414.359989 	0.021274 	0.950000 	
2414.359989 	0.021274 	0.950000 	
