21
332.577447 	768.359440 	1027.762105 	1239.172703 	
664.291727 	841.332179 	1220.147436 	1470.594659 	
1421.717261 	2035.252836 	2069.551103 	1501.157197 	
661.319258 	946.039041 	1493.158555 	1060.013689 	
0.100000 	142.614982 	767.537352 	0.100000 	
647.544458 	359.579177 	1412.568107 	13.623031 	
779.508222 	1460.632137 	1618.427540 	1494.708738 	
1488.022569 	1192.349661 	2313.260297 	1037.657940 	
437.566164 	2308.124765 	1277.008120 	2324.978247 	
1492.747607 	112.454070 	2294.412951 	362.012709 	
989.564266 	1089.322232 	1773.154787 	787.771686 	
0.100000 	1390.157523 	777.814144 	1339.836797 	
440.384407 	539.141261 	1099.672316 	19.250609 	
1013.147108 	2324.101795 	1843.267097 	2198.214377 	
820.917864 	1424.239362 	1598.016598 	1742.145631 	
322.337724 	2499.900000 	972.264744 	1997.755847 	
313.154995 	1512.200424 	1142.895654 	1640.564273 	
1448.373098 	248.132858 	2172.400819 	0.100000 	
1066.365719 	755.136160 	1902.873957 	827.252774 	
124.998306 	353.524432 	951.516892 	205.829259 	
1264.967156 	1619.483797 	2099.560925 	1527.831858 	
1817.786283 	0.019614 	0.950000 	
1817.786283 	0.019614 	0.950000 	
1817.786283 	0.019614 	0.950000 	
1817.786283 	0.019614 	0.950000 	
1817.786283 	0.019614 	0.950000 	
1817.786283 	0.019614 	0.950000 	
1817.786283 	0.019614 	0.950000 	
1817.786283 	0.019614 	0.950000 	
1817.786283 	0.019614 	0.950000 	
1817.786283 	0.019614 	0.950000 	
1817.786283 	0.019614 	0.950000 	
1817.786283 	0.019614 	0.950000 	
1817.786283 	0.019614 	0.950000 	
1817.786283 	0.019614 	0.950000 	
1817.786283 	0.019614 	0.950000 	
1817.786283 	0.019614 	0.950000 	
1817.786283 	0.019614 	0.950000 	
1817.786283 	0.019614 	0.950000 	
1817.786283 	0.019614 	0.950000 	
1817.786283 	0.019614 	0.950000 	
1817.786283 	0.019614 	0.950000 	
