21
48.896870 	798.696550 	942.363106 	1390.404346 	
611.909473 	5.994887 	1517.364220 	579.189210 	
264.788146 	2042.503439 	1336.359659 	2030.905009 	
1182.405529 	621.967140 	2184.273434 	1002.310054 	
285.210535 	682.993266 	1348.326991 	548.147305 	
1524.537523 	719.230042 	2499.900000 	994.336063 	
1511.886706 	573.160752 	2294.428863 	1305.299948 	
495.250819 	1333.420755 	1564.855232 	1399.348211 	
713.716064 	1467.891032 	1777.895707 	1341.709740 	
1114.090249 	1094.095485 	2165.130522 	885.015658 	
1403.989535 	846.552121 	2433.486469 	1144.102276 	
1005.644818 	1019.789035 	1932.873940 	1557.047061 	
1039.747539 	1246.715981 	1759.201105 	2040.936730 	
366.387876 	2365.916811 	1437.780808 	2388.659180 	
628.129865 	1771.589532 	1697.568538 	1840.153040 	
1158.228193 	1131.964723 	2196.954139 	868.434004 	
1586.812809 	1762.695137 	2450.807372 	2396.661560 	
1156.129370 	351.719067 	2227.293314 	319.972642 	
0.100000 	250.170895 	813.816684 	52.162964 	
1249.052726 	0.100000 	1950.053142 	615.894835 	
618.071587 	242.193076 	1635.963710 	577.298516 	
1798.885773 	0.020868 	0.950000 	
1798.885773 	0.020868 	0.950000 	
1798.885773 	0.020868 	0.950000 	
1798.885773 	0.020868 	0.950000 	
1798.885773 	0.020868 	0.950000 	
1798.885773 	0.020868 	0.950000 	
1798.885773 	0.020868 	0.950000 	
1798.885773 	0.020868 	0.950000 	
1798.885773 	0.020868 	0.950000 	
1798.885773 	0.020868 	0.950000 	
1798.885773 	0.020868 	0.950000 	
1798.885773 	0.020868 	0.950000 	
1798.885773 	0.020868 	0.950000 	
1798.885773 	0.020868 	0.950000 	
1798.885773 	0.020868 	0.950000 	
1798.885773 	0.020868 	0.950000 	
1798.885773 	0.020868 	0.950000 	
1798.885773 	0.020868 	0.950000 	
1798.885773 	0.020868 	0.950000 	
1798.885773 	0.020868 	0.950000 	
1798.885773 	0.020868 	0.950000 	
