26
172.523001 	1553.228168 	1063.536454 	1820.142063 	
0.100000 	2262.611717 	889.447401 	2307.295369 	
407.372680 	2117.711916 	1328.288847 	1987.092571 	
297.810971 	1159.830829 	1125.702646 	1583.792354 	
1610.415377 	0.100000 	2499.900000 	119.852778 	
1668.826985 	140.201420 	2499.900000 	333.230367 	
85.383254 	881.763503 	542.132109 	1692.027955 	
983.215093 	2280.711482 	1891.373080 	2481.701710 	
0.100000 	1900.347120 	753.941753 	2314.958861 	
634.831141 	2346.786520 	1564.780232 	2328.274710 	
939.791946 	2131.181575 	1646.533170 	2499.900000 	
1465.936441 	948.679710 	2395.421245 	913.952240 	
1070.044741 	979.380012 	1930.073975 	625.123442 	
295.352632 	1961.159278 	1225.466090 	1955.080227 	
1695.979356 	820.770025 	2422.785587 	240.338547 	
1375.104780 	2177.427169 	2194.097630 	2499.900000 	
959.647917 	2499.900000 	1791.014090 	2117.028651 	
1582.082027 	862.991353 	2499.900000 	965.656084 	
550.751283 	698.857361 	1421.566355 	1025.704588 	
468.727256 	1644.066401 	1382.196771 	1819.341741 	
1027.638929 	1723.532061 	1947.782495 	1859.487262 	
0.100000 	2155.724059 	862.315375 	1845.993423 	
536.037072 	1494.229356 	1465.953055 	1474.123031 	
190.393376 	76.772609 	1059.130894 	409.102451 	
1426.738644 	1536.146186 	2315.368116 	1261.399646 	
1285.119384 	324.648756 	2107.873396 	0.100000 	
2170.888207 	0.019451 	0.950000 	
2170.888207 	0.019451 	0.950000 	
2170.888207 	0.019451 	0.950000 	
2170.888207 	0.019451 	0.950000 	
2170.888207 	0.019451 	0.950000 	
2170.888207 	0.019451 	0.950000 	
2170.888207 	0.019451 	0.950000 	
2170.888207 	0.019451 	0.950000 	
2170.888207 	0.019451 	0.950000 	
2170.888207 	0.019451 	0.950000 	
2170.888207 	0.019451 	0.950000 	
2170.888207 	0.019451 	0.950000 	
2170.888207 	0.019451 	0.950000 	
2170.888207 	0.019451 	0.950000 	
2170.888207 	0.019451 	0.950000 	
2170.888207 	0.019451 	0.950000 	
2170.888207 	0.019451 	0.950000 	
2170.888207 	0.019451 	0.950000 	
2170.888207 	0.019451 	0.950000 	
2170.888207 	0.019451 	0.950000 	
2170.888207 	0.019451 	0.950000 	
2170.888207 	0.019451 	0.950000 	
2170.888207 	0.019451 	0.950000 	
2170.888207 	0.019451 	0.950000 	
2170.888207 	0.019451 	0.950000 	
2170.888207 	0.019451 	0.950000 	
