23
1164.509590 	2049.889676 	1808.697524 	2499.900000 	
617.237033 	1859.654483 	1414.843383 	1253.844625 	
1749.363524 	26.620633 	2499.900000 	291.068830 	
323.572084 	907.074085 	1323.737055 	960.473581 	
1161.643844 	423.099236 	2163.121875 	408.158441 	
838.054681 	712.831678 	1802.768909 	443.558712 	
136.255181 	155.590379 	1136.588973 	105.452788 	
1145.843705 	2122.175922 	2111.896699 	2386.605662 	
0.100000 	1899.800002 	844.706451 	2066.658498 	
214.373141 	1227.796866 	1023.363322 	637.274758 	
0.100000 	1905.657760 	810.733781 	2254.615767 	
1521.690374 	1835.595015 	2499.900000 	1933.577768 	
1561.074365 	1215.552301 	2298.103178 	1893.763185 	
32.541725 	1197.103847 	940.079256 	773.362058 	
590.031863 	1038.297729 	1551.627551 	758.092079 	
103.610578 	540.164288 	877.303781 	0.100000 	
893.390812 	853.482106 	1894.979277 	854.902912 	
1685.741665 	1180.913229 	2499.900000 	1562.439741 	
270.808094 	1245.009121 	1254.732545 	1057.728184 	
1739.305433 	1715.012680 	2499.900000 	1512.249187 	
452.170279 	1341.621139 	1447.061886 	1225.983067 	
167.245017 	2067.619265 	1166.844478 	2004.513078 	
1120.769813 	47.047731 	2042.538827 	438.868299 	
1903.468586 	0.021269 	0.950000 	
1903.468586 	0.021269 	0.950000 	
1903.468586 	0.021269 	0.950000 	
1903.468586 	0.021269 	0.950000 	
1903.468586 	0.021269 	0.950000 	
1903.468586 	0.021269 	0.950000 	
1903.468586 	0.021269 	0.950000 	
1903.468586 	0.021269 	0.950000 	
1903.468586 	0.021269 	0.950000 	
1903.468586 	0.021269 	0.950000 	
1903.468586 	0.021269 	0.950000 	
1903.468586 	0.021269 	0.950000 	
1903.468586 	0.021269 	0.950000 	
1903.468586 	0.021269 	0.950000 	
1903.468586 	0.021269 	0.950000 	
1903.468586 	0.021269 	0.950000 	
1903.468586 	0.021269 	0.950000 	
1903.468586 	0.021269 	0.950000 	
1903.468586 	0.021269 	0.950000 	
1903.468586 	0.021269 	0.950000 	
1903.468586 	0.021269 	0.950000 	
1903.468586 	0.021269 	0.950000 	
1903.468586 	0.021269 	0.950000 	
