16
975.921652 	1775.730847 	1757.272315 	2398.110711 	
0.100000 	0.100000 	852.717642 	180.980985 	
0.100000 	1324.858521 	804.458505 	1876.190710 	
84.130615 	2013.202700 	1083.007715 	2002.710175 	
1780.221223 	271.516327 	2499.900000 	954.137449 	
1404.931867 	0.100000 	2339.421804 	336.795035 	
1292.147929 	983.454324 	2049.674843 	332.287273 	
1751.424654 	494.891272 	2499.900000 	18.710535 	
1760.448282 	1095.823883 	2499.900000 	1322.771241 	
1725.963318 	1069.992342 	2499.900000 	1024.429971 	
51.503344 	981.414849 	1048.842968 	925.030191 	
1711.321353 	2012.310758 	2499.900000 	2421.514817 	
918.944865 	741.840282 	1702.891332 	1360.947292 	
0.100000 	633.184356 	891.755886 	786.054989 	
374.799982 	95.488467 	1372.483634 	145.417253 	
1723.624794 	161.706621 	2357.058326 	934.123292 	
1909.890164 	0.018810 	0.950000 	
1909.890164 	0.018810 	0.950000 	
1909.890164 	0.018810 	0.950000 	
1909.890164 	0.018810 	0.950000 	
1909.890164 	0.018810 	0.950000 	
1909.890164 	0.018810 	0.950000 	
1909.890164 	0.018810 	0.950000 	
1909.890164 	0.018810 	0.950000 	
1909.890164 	0.018810 	0.950000 	
1909.890164 	0.018810 	0.950000 	
1909.890164 	0.018810 	0.950000 	
1909.890164 	0.018810 	0.950000 	
1909.890164 	0.018810 	0.950000 	
1909.890164 	0.018810 	0.950000 	
1909.890164 	0.018810 	0.950000 	
1909.890164 	0.018810 	0.950000 	
