16
53.709380 	208.064952 	1011.583784 	228.612668 	
0.100000 	1596.889419 	817.632873 	1098.162327 	
1526.838874 	1129.707785 	2477.742516 	1012.541895 	
637.051368 	1389.435118 	1544.663437 	1696.332355 	
770.533824 	1246.692622 	1680.120604 	1547.686763 	
824.816850 	896.116002 	1516.485128 	233.137439 	
808.404367 	185.111106 	1754.304631 	337.486544 	
322.668165 	110.637041 	1265.309396 	0.100000 	
241.590449 	63.569204 	1184.728903 	232.197316 	
1571.114621 	774.276385 	2499.900000 	838.985467 	
1592.032844 	2008.000172 	2499.900000 	1889.382362 	
978.244871 	841.201537 	1936.326538 	836.191394 	
515.010982 	1435.645156 	1445.934950 	1662.197906 	
987.472314 	2347.476333 	1906.889689 	2499.900000 	
1128.537561 	1759.018407 	2045.411024 	1481.010068 	
1623.699638 	1587.988331 	2454.556726 	1110.890770 	
2203.999465 	0.020686 	0.950000 	
2203.999465 	0.020686 	0.950000 	
2203.999465 	0.020686 	0.950000 	
2203.999465 	0.020686 	0.950000 	
2203.999465 	0.020686 	0.950000 	
2203.999465 	0.020686 	0.950000 	
2203.999465 	0.020686 	0.950000 	
2203.999465 	0.020686 	0.950000 	
2203.999465 	0.020686 	0.950000 	
2203.999465 	0.020686 	0.950000 	
2203.999465 	0.020686 	0.950000 	
2203.999465 	0.020686 	0.950000 	
2203.999465 	0.020686 	0.950000 	
2203.999465 	0.020686 	0.950000 	
2203.999465 	0.020686 	0.950000 	
2203.999465 	0.020686 	0.950000 	
