19
738.063036 	1307.343706 	1640.972069 	1118.808578 	
350.852843 	1781.008570 	1025.394721 	2410.121813 	
1634.404148 	365.518723 	2499.900000 	339.766120 	
440.633424 	1729.612302 	1340.657104 	1931.472636 	
1515.565961 	1624.575900 	2414.609274 	1830.758680 	
313.407157 	19.145946 	1225.979513 	153.317153 	
1546.240552 	1187.458366 	2466.011218 	1256.827953 	
219.296808 	2212.017210 	1033.773660 	2499.900000 	
1354.557026 	484.700913 	2182.218324 	77.555984 	
0.100000 	1581.811335 	682.700077 	2134.257536 	
1090.136547 	1473.552078 	1979.220081 	1719.154779 	
968.745040 	1686.641830 	1798.738611 	1284.272735 	
584.764711 	1051.804929 	1420.873471 	1441.307635 	
262.748168 	1213.073680 	1087.445349 	1626.189616 	
1472.955373 	779.698717 	2195.671985 	1352.822539 	
85.963602 	266.376524 	995.810318 	114.820688 	
859.409514 	449.648095 	1597.160287 	1003.285173 	
0.100000 	1355.706066 	734.416673 	1450.969170 	
236.122626 	1834.032777 	1010.325474 	1332.634564 	
2185.897602 	0.023586 	0.950000 	
2185.897602 	0.023586 	0.950000 	
2185.897602 	0.023586 	0.950000 	
2185.897602 	0.023586 	0.950000 	
2185.897602 	0.023586 	0.950000 	
2185.897602 	0.023586 	0.950000 	
2185.897602 	0.023586 	0.950000 	
2185.897602 	0.023586 	0.950000 	
2185.897602 	0.023586 	0.950000 	
2185.897602 	0.023586 	0.950000 	
2185.897602 	0.023586 	0.950000 	
2185.897602 	0.023586 	0.950000 	
2185.897602 	0.023586 	0.950000 	
2185.897602 	0.023586 	0.950000 	
2185.897602 	0.023586 	0.950000 	
2185.897602 	0.023586 	0.950000 	
2185.897602 	0.023586 	0.950000 	
2185.897602 	0.023586 	0.950000 	
2185.897602 	0.023586 	0.950000 	
