23
0.100000 	2396.313331 	824.579624 	2409.661569 	
1218.422289 	994.074141 	2181.322943 	1338.050670 	
28.492374 	2005.604205 	1048.142865 	1929.378235 	
1064.104171 	1284.103784 	1979.603096 	828.736635 	
1319.997350 	2399.106378 	2339.392885 	2319.543414 	
871.472884 	18.093986 	1893.539622 	0.100000 	
508.292862 	2331.402002 	1501.362833 	2499.900000 	
1438.601809 	1659.451504 	2347.742653 	1191.519407 	
476.684496 	1204.741399 	1242.838822 	527.611373 	
385.775302 	1302.135247 	1391.717088 	1485.380018 	
1332.299726 	902.961102 	2307.619840 	595.962410 	
755.690398 	495.604102 	1759.255350 	299.760010 	
272.640464 	1553.500568 	1271.346464 	1772.780861 	
1203.716430 	1706.826465 	2226.185666 	1714.187452 	
65.723927 	1947.935245 	1086.075933 	2014.111566 	
1635.203250 	642.271665 	2499.900000 	1100.850524 	
227.336659 	417.383128 	1161.557191 	832.990539 	
0.100000 	861.787205 	928.464792 	863.229722 	
0.100000 	927.549571 	897.548231 	715.613394 	
1333.013305 	2499.900000 	2245.193326 	2087.724043 	
1378.031658 	1826.948434 	2392.676449 	1953.413728 	
1416.406599 	317.484869 	2045.295542 	1123.708298 	
1297.863685 	1311.105231 	2235.131464 	1719.794150 	
1780.421975 	0.017548 	0.950000 	
1780.421975 	0.017548 	0.950000 	
1780.421975 	0.017548 	0.950000 	
1780.421975 	0.017548 	0.950000 	
1780.421975 	0.017548 	0.950000 	
1780.421975 	0.017548 	0.950000 	
1780.421975 	0.017548 	0.950000 	
1780.421975 	0.017548 	0.950000 	
1780.421975 	0.017548 	0.950000 	
1780.421975 	0.017548 	0.950000 	
1780.421975 	0.017548 	0.950000 	
1780.421975 	0.017548 	0.950000 	
1780.421975 	0.017548 	0.950000 	
1780.421975 	0.017548 	0.950000 	
1780.421975 	0.017548 	0.950000 	
1780.421975 	0.017548 	0.950000 	
1780.421975 	0.017548 	0.950000 	
1780.421975 	0.017548 	0.950000 	
1780.421975 	0.017548 	0.950000 	
1780.421975 	0.017548 	0.950000 	
1780.421975 	0.017548 	0.950000 	
1780.421975 	0.017548 	0.950000 	
1780.421975 	0.017548 	0.950000 	
