22
527.557940 	370.082587 	1528.957114 	610.942006 	
611.560302 	894.350953 	1605.649638 	624.907161 	
1694.607248 	1422.951509 	2499.900000 	993.521330 	
883.804942 	898.551150 	1908.080527 	790.509069 	
1435.846354 	1958.521895 	2463.041863 	2033.907253 	
323.204139 	2280.846391 	1282.177126 	2499.900000 	
1004.283959 	554.931486 	1985.010501 	240.306287 	
921.228709 	690.579028 	1932.218030 	493.819888 	
1975.103718 	1281.812366 	2378.770145 	2229.370797 	
0.100000 	1063.335110 	921.469562 	814.023203 	
875.636177 	2081.690199 	1626.359390 	2499.900000 	
814.449550 	2240.971457 	1771.909156 	2499.900000 	
0.100000 	1721.150702 	933.005390 	1497.339545 	
1544.804719 	2171.789743 	2499.900000 	2128.704642 	
1505.636025 	1048.169183 	2499.900000 	961.247807 	
621.876956 	1484.623135 	1634.081711 	1675.030854 	
1370.762929 	2199.964679 	2256.127522 	2499.900000 	
134.842692 	1707.542028 	959.017400 	1089.845002 	
1128.895667 	1966.457280 	1850.368042 	2499.900000 	
280.103837 	1645.998620 	1262.390881 	1955.717410 	
638.250942 	1320.244091 	1644.373904 	1099.948493 	
1423.650394 	1623.050835 	2452.347652 	1572.104628 	
2059.234237 	0.022402 	0.950000 	
2059.234237 	0.022402 	0.950000 	
2059.234237 	0.022402 	0.950000 	
2059.234237 	0.022402 	0.950000 	
2059.234237 	0.022402 	0.950000 	
2059.234237 	0.022402 	0.950000 	
2059.234237 	0.022402 	0.950000 	
2059.234237 	0.022402 	0.950000 	
2059.234237 	0.022402 	0.950000 	
2059.234237 	0.022402 	0.950000 	
2059.234237 	0.022402 	0.950000 	
2059.234237 	0.022402 	0.950000 	
2059.234237 	0.022402 	0.950000 	
2059.234237 	0.022402 	0.950000 	
2059.234237 	0.022402 	0.950000 	
2059.234237 	0.022402 	0.950000 	
2059.234237 	0.022402 	0.950000 	
2059.234237 	0.022402 	0.950000 	
2059.234237 	0.022402 	0.950000 	
2059.234237 	0.022402 	0.950000 	
2059.234237 	0.022402 	0.950000 	
2059.234237 	0.022402 	0.950000 	
