21
0.100000 	582.589108 	846.926857 	396.400798 	
1436.826835 	2499.900000 	2283.426079 	2218.596891 	
690.826544 	1819.613247 	1614.672875 	2191.694602 	
520.531885 	1004.032548 	1510.053033 	1117.101001 	
1382.553872 	1602.129463 	2276.020943 	2042.189878 	
511.965128 	1419.839550 	1445.182350 	1071.928362 	
818.940454 	1975.499653 	1810.459286 	2069.451683 	
1191.668755 	1017.773592 	2154.958069 	764.771075 	
1556.095301 	0.100000 	2429.810771 	422.147210 	
421.019238 	1584.427732 	1393.739209 	1370.529544 	
1052.549326 	2292.559576 	2047.922776 	2258.379577 	
1706.330291 	552.221998 	2499.900000 	416.607683 	
0.100000 	891.442088 	862.458840 	1270.396869 	
933.089791 	1789.510641 	1914.986877 	1956.288005 	
618.013237 	289.285832 	1537.532754 	0.100000 	
385.584127 	2488.269562 	1350.961579 	2243.355387 	
321.089188 	2107.979327 	1234.246978 	1710.387291 	
1279.339969 	1298.805934 	2255.725092 	1495.296818 	
1746.677044 	394.875414 	2499.900000 	524.339308 	
224.377871 	1543.151445 	1021.907906 	946.592630 	
1447.521875 	1633.624277 	2177.059199 	955.603724 	
2139.438666 	0.020338 	0.950000 	
2139.438666 	0.020338 	0.950000 	
2139.438666 	0.020338 	0.950000 	
2139.438666 	0.020338 	0.950000 	
2139.438666 	0.020338 	0.950000 	
2139.438666 	0.020338 	0.950000 	
2139.438666 	0.020338 	0.950000 	
2139.438666 	0.020338 	0.950000 	
2139.438666 	0.020338 	0.950000 	
2139.438666 	0.020338 	0.950000 	
2139.438666 	0.020338 	0.950000 	
2139.438666 	0.020338 	0.950000 	
2139.438666 	0.020338 	0.950000 	
2139.438666 	0.020338 	0.950000 	
2139.438666 	0.020338 	0.950000 	
2139.438666 	0.020338 	0.950000 	
2139.438666 	0.020338 	0.950000 	
2139.438666 	0.020338 	0.950000 	
2139.438666 	0.020338 	0.950000 	
2139.438666 	0.020338 	0.950000 	
2139.438666 	0.020338 	0.950000 	
