18
477.292584 	1247.292125 	1472.544539 	1636.499365 	
1312.969330 	0.100000 	2339.484383 	213.199707 	
1477.793014 	698.299629 	2143.390269 	1534.355263 	
1053.845252 	1580.795658 	2120.203605 	1650.714129 	
163.100883 	1703.322424 	870.914556 	902.692339 	
0.100000 	601.734539 	714.098923 	1259.828765 	
901.680421 	2085.004832 	1837.682403 	2499.900000 	
331.238705 	2195.020834 	1372.037367 	1952.643288 	
1596.535829 	2076.062299 	2499.900000 	2169.365101 	
1702.319089 	770.326364 	2499.900000 	1092.344836 	
295.002692 	1402.545600 	1351.478864 	1563.377276 	
1337.171199 	2037.078105 	2366.109949 	2325.684718 	
1508.422009 	2357.397242 	2499.900000 	2310.110800 	
910.791210 	1679.306691 	1979.315098 	1663.014680 	
1484.029091 	498.461321 	2499.900000 	535.420969 	
1628.624201 	1797.676089 	2499.900000 	1471.576872 	
895.265808 	0.100000 	1801.366541 	463.408859 	
1172.451259 	1015.488721 	2241.096040 	1018.145854 	
1829.013273 	0.017850 	0.950000 	
1829.013273 	0.017850 	0.950000 	
1829.013273 	0.017850 	0.950000 	
1829.013273 	0.017850 	0.950000 	
1829.013273 	0.017850 	0.950000 	
1829.013273 	0.017850 	0.950000 	
1829.013273 	0.017850 	0.950000 	
1829.013273 	0.017850 	0.950000 	
1829.013273 	0.017850 	0.950000 	
1829.013273 	0.017850 	0.950000 	
1829.013273 	0.017850 	0.950000 	
1829.013273 	0.017850 	0.950000 	
1829.013273 	0.017850 	0.950000 	
1829.013273 	0.017850 	0.950000 	
1829.013273 	0.017850 	0.950000 	
1829.013273 	0.017850 	0.950000 	
1829.013273 	0.017850 	0.950000 	
1829.013273 	0.017850 	0.950000 	
