26
1658.489079 	1850.270528 	2499.900000 	2114.847050 	
1712.384367 	1861.688116 	2499.900000 	2216.093733 	
0.100000 	1785.871309 	878.818688 	1974.691960 	
707.569120 	2253.802344 	1542.570055 	1692.477362 	
410.844180 	1401.070958 	1372.515591 	1105.266307 	
57.981361 	1184.570629 	978.226873 	1591.338984 	
17.622894 	1615.967485 	1020.717706 	1537.781207 	
1361.430519 	193.854850 	2362.360122 	296.090975 	
808.357639 	505.428186 	1790.699418 	722.952724 	
1675.375027 	1735.731848 	2499.900000 	1342.893864 	
1725.012818 	724.877118 	2499.900000 	799.922670 	
574.034755 	2002.896710 	1565.541964 	1831.941304 	
571.275672 	943.304987 	1413.475836 	392.840475 	
206.625761 	21.389161 	1200.790608 	176.142360 	
666.377798 	905.119723 	1617.746037 	577.689164 	
289.150089 	1489.605400 	1275.735662 	1292.219476 	
733.105166 	2499.900000 	1603.280410 	2170.145418 	
626.778837 	1840.820055 	1604.842476 	1604.803501 	
273.653369 	1708.302353 	1264.840368 	1881.104638 	
107.154785 	1106.448893 	927.703249 	1688.696705 	
634.242797 	1549.643883 	1542.670877 	1117.127156 	
765.270765 	2121.299606 	1762.171280 	2257.320407 	
406.168957 	880.075295 	1391.129263 	1085.417668 	
1157.995581 	944.656233 	2080.759620 	1345.678457 	
693.442476 	281.750415 	1578.931569 	759.475610 	
664.955291 	2104.851764 	1577.697028 	1681.514051 	
2246.138737 	0.021090 	0.950000 	
2246.138737 	0.021090 	0.950000 	
2246.138737 	0.021090 	0.950000 	
2246.138737 	0.021090 	0.950000 	
2246.138737 	0.021090 	0.950000 	
2246.138737 	0.021090 	0.950000 	
2246.138737 	0.021090 	0.950000 	
2246.138737 	0.021090 	0.950000 	
2246.138737 	0.021090 	0.950000 	
2246.138737 	0.021090 	0.950000 	
2246.138737 	0.021090 	0.950000 	
2246.138737 	0.021090 	0.950000 	
2246.138737 	0.021090 	0.950000 	
2246.138737 	0.021090 	0.950000 	
2246.138737 	0.021090 	0.950000 	
2246.138737 	0.021090 	0.950000 	
2246.138737 	0.021090 	0.950000 	
2246.138737 	0.021090 	0.950000 	
2246.138737 	0.021090 	0.950000 	
2246.138737 	0.021090 	0.950000 	
2246.138737 	0.021090 	0.950000 	
2246.138737 	0.021090 	0.950000 	
2246.138737 	0.021090 	0.950000 	
2246.138737 	0.021090 	0.950000 	
2246.138737 	0.021090 	0.950000 	
2246.138737 	0.021090 	0.950000 	
