31
808.453969 	0.100000 	1345.255187 	751.081857 	
115.860093 	79.444145 	1255.068181 	141.383714 	
83.494413 	1781.617497 	919.123937 	1004.858282 	
303.233481 	2012.721302 	1432.424894 	1849.754034 	
1163.110084 	966.345186 	2241.307642 	593.355101 	
1270.830515 	616.207583 	2360.657776 	278.704814 	
1122.157134 	1091.831584 	2152.993326 	602.946807 	
0.100000 	507.851488 	839.780971 	542.876698 	
1550.299819 	855.483758 	2322.553533 	1695.278841 	
1546.610130 	2424.166470 	2499.900000 	2107.655147 	
1224.920726 	1635.022089 	2358.896157 	1509.597604 	
0.100000 	1.571708 	846.955585 	506.097736 	
499.412120 	715.604290 	1513.332428 	1238.669474 	
1098.571971 	28.431726 	2218.786527 	244.651350 	
1184.261069 	1029.534382 	2233.791113 	1476.880184 	
161.132917 	888.027415 	1235.975365 	1270.578445 	
224.062441 	2499.900000 	1352.156486 	2408.701985 	
1033.688866 	1933.382285 	2158.435794 	2124.630620 	
638.470254 	1280.984406 	1771.498537 	1147.273943 	
962.235748 	2433.532618 	2032.629903 	2038.706160 	
170.074554 	203.142908 	1275.705177 	484.590066 	
34.002281 	959.903548 	1174.492737 	990.121025 	
1340.380823 	2360.270352 	2478.192720 	2276.510773 	
1217.137229 	2228.526587 	2350.549443 	2358.942576 	
1590.885034 	1568.184311 	2499.900000 	1999.685747 	
0.100000 	1458.169754 	1029.445457 	1633.517164 	
45.673694 	814.680004 	1183.236329 	901.759447 	
0.100000 	2277.518772 	1015.196252 	2402.617861 	
659.197648 	300.461841 	1799.857560 	323.408362 	
92.224651 	1997.291987 	1180.756671 	1655.634821 	
1498.349673 	1442.734788 	2499.900000 	1789.652374 	
1893.180283 	0.023856 	0.950000 	
1893.180283 	0.023856 	0.950000 	
1893.180283 	0.023856 	0.950000 	
1893.180283 	0.023856 	0.950000 	
1893.180283 	0.023856 	0.950000 	
1893.180283 	0.023856 	0.950000 	
1893.180283 	0.023856 	0.950000 	
1893.180283 	0.023856 	0.950000 	
1893.180283 	0.023856 	0.950000 	
1893.180283 	0.023856 	0.950000 	
1893.180283 	0.023856 	0.950000 	
1893.180283 	0.023856 	0.950000 	
1893.180283 	0.023856 	0.950000 	
1893.180283 	0.023856 	0.950000 	
1893.180283 	0.023856 	0.950000 	
1893.180283 	0.023856 	0.950000 	
1893.180283 	0.023856 	0.950000 	
1893.180283 	0.023856 	0.950000 	
1893.180283 	0.023856 	0.950000 	
1893.180283 	0.023856 	0.950000 	
1893.180283 	0.023856 	0.950000 	
1893.180283 	0.023856 	0.950000 	
1893.180283 	0.023856 	0.950000 	
1893.180283 	0.023856 	0.950000 	
1893.180283 	0.023856 	0.950000 	
1893.180283 	0.023856 	0.950000 	
1893.180283 	0.023856 	0.950000 	
1893.180283 	0.023856 	0.950000 	
1893.180283 	0.023856 	0.950000 	
1893.180283 	0.023856 	0.950000 	
1893.180283 	0.023856 	0.950000 	
