20
0.100000 	0.100000 	783.524738 	338.297945 	
1221.507748 	1062.559325 	2239.394349 	613.427674 	
1679.307703 	1625.802419 	2499.900000 	1528.721364 	
0.100000 	2385.999123 	1040.310333 	2073.889952 	
442.677456 	1857.139081 	1499.653585 	1509.844051 	
110.425887 	1520.137389 	1153.867175 	1906.197814 	
1122.704313 	1724.669021 	2234.886330 	1754.054945 	
72.746907 	1840.274385 	1138.721138 	2158.882781 	
1674.151451 	1565.186599 	2499.900000 	1737.839237 	
0.100000 	1099.985509 	803.142441 	1499.697468 	
0.100000 	1260.351845 	681.278549 	398.330209 	
1346.589464 	2499.900000 	2370.732663 	2118.093865 	
1414.566257 	653.712553 	2499.900000 	578.672187 	
831.403802 	1202.249832 	1933.606310 	1353.782024 	
1257.559471 	1608.334907 	2258.891253 	2093.254526 	
750.200732 	773.684186 	1827.858333 	497.158478 	
881.147386 	2244.874738 	1962.470504 	1983.049055 	
78.665108 	1407.548814 	1184.266997 	1283.223296 	
721.200968 	2125.347228 	1792.564886 	2425.333443 	
0.100000 	853.521837 	907.628510 	900.010214 	
1845.613619 	0.020822 	0.950000 	
1845.613619 	0.020822 	0.950000 	
1845.613619 	0.020822 	0.950000 	
1845.613619 	0.020822 	0.950000 	
1845.613619 	0.020822 	0.950000 	
1845.613619 	0.020822 	0.950000 	
1845.613619 	0.020822 	0.950000 	
1845.613619 	0.020822 	0.950000 	
1845.613619 	0.020822 	0.950000 	
1845.613619 	0.020822 	0.950000 	
1845.613619 	0.020822 	0.950000 	
1845.613619 	0.020822 	0.950000 	
1845.613619 	0.020822 	0.950000 	
1845.613619 	0.020822 	0.950000 	
1845.613619 	0.020822 	0.950000 	
1845.613619 	0.020822 	0.950000 	
1845.613619 	0.020822 	0.950000 	
1845.613619 	0.020822 	0.950000 	
1845.613619 	0.020822 	0.950000 	
1845.613619 	0.020822 	0.950000 	
