13
37.144238 	2330.979700 	1061.284128 	2375.174989 	
247.405188 	2499.900000 	1063.584403 	2129.160080 	
1695.355570 	53.306691 	2499.900000 	486.369574 	
0.100000 	824.694840 	628.570006 	69.801300 	
1664.383715 	1976.189917 	2499.900000 	1756.567218 	
0.100000 	104.703162 	813.579986 	142.639451 	
1679.732536 	185.904665 	2499.900000 	170.519745 	
466.492800 	877.428014 	1223.889907 	1568.199583 	
787.721195 	2113.572501 	1812.571122 	2135.896605 	
1476.953673 	2499.900000 	2472.403173 	2370.235284 	
1543.821417 	0.100000 	2499.900000 	128.090546 	
171.953445 	1590.412265 	1084.088777 	1122.625056 	
1070.600585 	2044.445233 	2072.277645 	2262.295649 	
1921.450507 	0.018756 	0.950000 	
1921.450507 	0.018756 	0.950000 	
1921.450507 	0.018756 	0.950000 	
1921.450507 	0.018756 	0.950000 	
1921.450507 	0.018756 	0.950000 	
1921.450507 	0.018756 	0.950000 	
1921.450507 	0.018756 	0.950000 	
1921.450507 	0.018756 	0.950000 	
1921.450507 	0.018756 	0.950000 	
1921.450507 	0.018756 	0.950000 	
1921.450507 	0.018756 	0.950000 	
1921.450507 	0.018756 	0.950000 	
1921.450507 	0.018756 	0.950000 	
