18
1063.732732 	1849.792802 	1850.139203 	2499.900000 	
771.549671 	2118.594859 	1832.860193 	1876.206535 	
1167.721748 	1889.212154 	2251.116045 	1782.493265 	
1220.320575 	442.942933 	2108.693367 	0.100000 	
1277.972067 	283.658822 	2347.536140 	80.767673 	
355.057027 	494.337179 	1296.850875 	0.100000 	
1090.783634 	1989.400790 	2179.344312 	2002.353530 	
849.280461 	2178.561804 	1877.398879 	2499.900000 	
505.567164 	1623.240821 	1580.516007 	1795.337041 	
0.100000 	478.085136 	897.027879 	182.329642 	
1373.856872 	2132.012598 	2246.845254 	1481.610101 	
467.890481 	0.100000 	1382.444975 	571.147228 	
1088.477864 	0.100000 	1842.985765 	686.112670 	
1188.798543 	1576.046992 	2276.217655 	1627.542623 	
0.100000 	1028.341457 	963.333639 	615.729616 	
20.569019 	1387.838995 	990.984500 	1881.221118 	
819.436667 	1998.370459 	1878.723761 	1747.286856 	
685.377444 	1557.819000 	1755.540190 	1358.109657 	
1722.956040 	0.016086 	0.950000 	
1722.956040 	0.016086 	0.950000 	
1722.956040 	0.016086 	0.950000 	
1722.956040 	0.016086 	0.950000 	
1722.956040 	0.016086 	0.950000 	
1722.956040 	0.016086 	0.950000 	
1722.956040 	0.016086 	0.950000 	
1722.956040 	0.016086 	0.950000 	
1722.956040 	0.016086 	0.950000 	
1722.956040 	0.016086 	0.950000 	
1722.956040 	0.016086 	0.950000 	
1722.956040 	0.016086 	0.950000 	
1722.956040 	0.016086 	0.950000 	
1722.956040 	0.016086 	0.950000 	
1722.956040 	0.016086 	0.950000 	
1722.956040 	0.016086 	0.950000 	
1722.956040 	0.016086 	0.950000 	
1722.956040 	0.016086 	0.950000 	
