24
1258.549492 	1747.259684 	2246.845113 	1761.957710 	
800.535998 	210.095064 	1788.865386 	222.313422 	
868.306124 	1877.804896 	1593.426011 	1206.131302 	
0.100000 	241.587542 	882.383423 	627.270375 	
258.410412 	1598.532234 	1244.996121 	1658.473090 	
658.076284 	1330.564575 	1632.159807 	1162.917455 	
1031.772715 	704.013346 	2020.070869 	718.540097 	
1175.140860 	2097.548296 	2162.640306 	2055.250398 	
1863.510932 	1720.240605 	2499.900000 	2371.558808 	
1666.141027 	2499.900000 	2499.900000 	2137.314984 	
0.100000 	108.912515 	916.694460 	0.100000 	
1665.507029 	1550.060051 	2499.900000 	1651.886072 	
206.708112 	0.100000 	944.474524 	347.268005 	
1699.229033 	216.195755 	2499.900000 	315.909779 	
996.115910 	58.122520 	1891.910751 	475.849546 	
257.679789 	773.826833 	1203.228688 	1061.718386 	
0.100000 	461.337682 	865.226870 	736.700821 	
417.716273 	625.985567 	1282.448587 	1104.715441 	
1569.797018 	237.000100 	2184.382278 	1011.099077 	
0.100000 	939.034567 	896.792434 	996.287003 	
467.945442 	1108.759357 	1449.946940 	996.432496 	
21.154280 	1563.892744 	1006.889218 	1636.493701 	
75.655350 	2027.582847 	1057.063172 	1910.182018 	
70.068359 	1064.450773 	678.519848 	285.521346 	
2033.567864 	0.019267 	0.950000 	
2033.567864 	0.019267 	0.950000 	
2033.567864 	0.019267 	0.950000 	
2033.567864 	0.019267 	0.950000 	
2033.567864 	0.019267 	0.950000 	
2033.567864 	0.019267 	0.950000 	
2033.567864 	0.019267 	0.950000 	
2033.567864 	0.019267 	0.950000 	
2033.567864 	0.019267 	0.950000 	
2033.567864 	0.019267 	0.950000 	
2033.567864 	0.019267 	0.950000 	
2033.567864 	0.019267 	0.950000 	
2033.567864 	0.019267 	0.950000 	
2033.567864 	0.019267 	0.950000 	
2033.567864 	0.019267 	0.950000 	
2033.567864 	0.019267 	0.950000 	
2033.567864 	0.019267 	0.950000 	
2033.567864 	0.019267 	0.950000 	
2033.567864 	0.019267 	0.950000 	
2033.567864 	0.019267 	0.950000 	
2033.567864 	0.019267 	0.950000 	
2033.567864 	0.019267 	0.950000 	
2033.567864 	0.019267 	0.950000 	
2033.567864 	0.019267 	0.950000 	
