13
159.536377 	281.167063 	1043.139742 	389.447602 	
224.921302 	575.043031 	1110.865394 	487.964636 	
1623.881251 	2149.876432 	2496.732985 	2324.831945 	
1182.744946 	331.486931 	2018.819764 	25.777133 	
861.096401 	302.986797 	1512.776399 	909.445998 	
1629.670999 	113.029118 	2499.900000 	155.742843 	
50.014294 	926.404413 	866.032005 	1282.205872 	
1297.751625 	72.819580 	2184.432669 	0.100000 	
1278.334290 	2271.363298 	2166.735532 	2214.593457 	
944.858935 	372.500032 	1802.586766 	610.790924 	
183.840001 	137.053253 	1052.936389 	329.799331 	
1041.697176 	957.974753 	1847.148225 	578.859745 	
482.986580 	1392.163077 	1216.761381 	888.125257 	
1716.845336 	0.020119 	0.950000 	
1716.845336 	0.020119 	0.950000 	
1716.845336 	0.020119 	0.950000 	
1716.845336 	0.020119 	0.950000 	
1716.845336 	0.020119 	0.950000 	
1716.845336 	0.020119 	0.950000 	
1716.845336 	0.020119 	0.950000 	
1716.845336 	0.020119 	0.950000 	
1716.845336 	0.020119 	0.950000 	
1716.845336 	0.020119 	0.950000 	
1716.845336 	0.020119 	0.950000 	
1716.845336 	0.020119 	0.950000 	
1716.845336 	0.020119 	0.950000 	
