30
693.288034 	996.576729 	1230.024431 	222.788782 	
1474.958914 	866.054094 	2416.075344 	832.384931 	
944.725254 	499.219268 	1886.399534 	490.092434 	
952.946651 	1230.152040 	1891.764010 	1304.014843 	
1669.419050 	2499.900000 	2499.900000 	2190.180240 	
939.434756 	889.338425 	1860.878315 	1083.697667 	
0.100000 	1821.253918 	573.339562 	1101.070283 	
1398.314167 	1496.487071 	2339.194977 	1536.199158 	
1003.734249 	1705.851422 	1931.499190 	1867.362914 	
739.029117 	1011.420484 	1680.625605 	996.261285 	
320.831452 	2079.594159 	1252.929181 	2213.860951 	
316.350295 	2440.317403 	1216.035241 	2162.107508 	
752.080965 	1776.273740 	1671.957179 	1977.920707 	
238.910227 	783.002382 	1170.455709 	644.956144 	
0.100000 	2277.577822 	721.605833 	1706.501117 	
121.114230 	414.135914 	1055.853028 	299.693237 	
309.918122 	1374.877675 	1223.867109 	1147.873278 	
212.563227 	1711.102378 	1079.077003 	1342.337380 	
999.755505 	1666.725439 	1923.016751 	1852.258238 	
1426.607508 	950.866421 	2368.207074 	965.833234 	
1402.724526 	1868.731224 	2339.735324 	1774.685959 	
1394.465240 	2318.712191 	2314.482824 	2117.711209 	
1293.789275 	0.100000 	2038.664231 	427.715860 	
1546.974371 	136.235004 	2390.537047 	554.846709 	
1342.606922 	2192.588909 	2281.731150 	2122.735984 	
187.006531 	1038.361489 	1128.180874 	1070.370924 	
1846.476370 	764.762208 	2499.900000 	1291.808665 	
78.398020 	2093.001960 	796.100093 	2499.900000 	
1123.832559 	1678.043484 	1978.641617 	2073.182981 	
213.343410 	2499.900000 	1147.362695 	2392.405927 	
2150.317447 	0.018273 	0.950000 	
2150.317447 	0.018273 	0.950000 	
2150.317447 	0.018273 	0.950000 	
2150.317447 	0.018273 	0.950000 	
2150.317447 	0.018273 	0.950000 	
2150.317447 	0.018273 	0.950000 	
2150.317447 	0.018273 	0.950000 	
2150.317447 	0.018273 	0.950000 	
2150.317447 	0.018273 	0.950000 	
2150.317447 	0.018273 	0.950000 	
2150.317447 	0.018273 	0.950000 	
2150.317447 	0.018273 	0.950000 	
2150.317447 	0.018273 	0.950000 	
2150.317447 	0.018273 	0.950000 	
2150.317447 	0.018273 	0.950000 	
2150.317447 	0.018273 	0.950000 	
2150.317447 	0.018273 	0.950000 	
2150.317447 	0.018273 	0.950000 	
2150.317447 	0.018273 	0.950000 	
2150.317447 	0.018273 	0.950000 	
2150.317447 	0.018273 	0.950000 	
2150.317447 	0.018273 	0.950000 	
2150.317447 	0.018273 	0.950000 	
2150.317447 	0.018273 	0.950000 	
2150.317447 	0.018273 	0.950000 	
2150.317447 	0.018273 	0.950000 	
2150.317447 	0.018273 	0.950000 	
2150.317447 	0.018273 	0.950000 	
2150.317447 	0.018273 	0.950000 	
2150.317447 	0.018273 	0.950000 	
