19
1678.441093 	532.208624 	2499.900000 	878.105740 	
29.559212 	387.743255 	856.215505 	836.630979 	
1010.976720 	542.478185 	1885.450954 	889.112904 	
258.273460 	2499.900000 	1175.985377 	2304.557699 	
0.100000 	804.750894 	726.026935 	348.725834 	
945.199028 	1269.568614 	1874.238027 	1417.038453 	
1474.134505 	415.699769 	2394.658105 	609.341492 	
1104.420347 	1477.455787 	1623.167606 	692.750686 	
1459.452069 	351.054540 	2400.079891 	360.005323 	
340.038959 	594.138892 	979.770136 	1283.779983 	
1023.461721 	2018.674081 	1961.557827 	1949.129053 	
142.676190 	2149.756536 	1053.407359 	1914.321718 	
395.097543 	2440.791208 	1263.061732 	2078.163324 	
0.100000 	1657.934044 	643.333603 	1043.944627 	
1191.318392 	2134.502385 	2114.667168 	1954.814176 	
1687.138781 	1715.497570 	2499.900000 	1826.585657 	
1312.356819 	285.261954 	2183.680521 	0.100000 	
1295.447552 	318.126963 	2231.462006 	411.602939 	
886.181078 	440.112672 	1782.175224 	726.565642 	
2098.440748 	0.021131 	0.950000 	
2098.440748 	0.021131 	0.950000 	
2098.440748 	0.021131 	0.950000 	
2098.440748 	0.021131 	0.950000 	
2098.440748 	0.021131 	0.950000 	
2098.440748 	0.021131 	0.950000 	
2098.440748 	0.021131 	0.950000 	
2098.440748 	0.021131 	0.950000 	
2098.440748 	0.021131 	0.950000 	
2098.440748 	0.021131 	0.950000 	
2098.440748 	0.021131 	0.950000 	
2098.440748 	0.021131 	0.950000 	
2098.440748 	0.021131 	0.950000 	
2098.440748 	0.021131 	0.950000 	
2098.440748 	0.021131 	0.950000 	
2098.440748 	0.021131 	0.950000 	
2098.440748 	0.021131 	0.950000 	
2098.440748 	0.021131 	0.950000 	
2098.440748 	0.021131 	0.950000 	
