29
751.646331 	918.804091 	1788.752491 	572.616658 	
1288.708929 	1283.488801 	2378.807811 	1199.112550 	
640.728292 	2411.989181 	1667.965717 	2037.531978 	
1436.310463 	1062.158095 	2460.484368 	1444.914855 	
484.188266 	695.121199 	1577.535051 	689.854996 	
1180.296764 	1319.265718 	2273.209282 	1350.525175 	
1692.977062 	1238.492793 	2499.900000 	1632.754976 	
769.025248 	888.743423 	1824.170985 	1175.278586 	
588.984329 	0.100000 	1630.676877 	202.975078 	
298.421478 	2163.089075 	1030.210852 	1350.734942 	
352.160632 	1219.711921 	1441.444886 	1314.023836 	
0.100000 	750.665006 	979.532111 	1155.665486 	
458.895752 	87.428221 	1541.944465 	237.229453 	
397.052782 	706.869154 	1422.563135 	1086.030650 	
566.476779 	181.115120 	1301.943909 	990.141093 	
1401.966264 	251.324722 	2366.509142 	766.195542 	
819.011604 	2267.832519 	1807.729652 	1801.065397 	
774.352854 	1158.650449 	1810.135340 	808.522519 	
1252.564688 	160.071499 	2344.674147 	107.804355 	
0.100000 	1074.121368 	1019.891719 	801.136523 	
954.483289 	1954.431757 	2047.317318 	1920.539130 	
458.971741 	159.694422 	1427.623001 	666.793683 	
384.417643 	2393.795161 	1454.059901 	2167.299324 	
856.000193 	859.306472 	1942.466060 	736.722437 	
1433.377774 	873.246662 	2499.900000 	775.651680 	
119.513117 	367.469559 	1174.739172 	653.708791 	
1092.915036 	1701.546905 	2096.888818 	2134.526777 	
1507.924383 	207.001161 	2499.900000 	142.864584 	
105.867187 	2442.980325 	1190.761539 	2307.189415 	
2144.656818 	0.020976 	0.950000 	
2144.656818 	0.020976 	0.950000 	
2144.656818 	0.020976 	0.950000 	
2144.656818 	0.020976 	0.950000 	
2144.656818 	0.020976 	0.950000 	
2144.656818 	0.020976 	0.950000 	
2144.656818 	0.020976 	0.950000 	
2144.656818 	0.020976 	0.950000 	
2144.656818 	0.020976 	0.950000 	
2144.656818 	0.020976 	0.950000 	
2144.656818 	0.020976 	0.950000 	
2144.656818 	0.020976 	0.950000 	
2144.656818 	0.020976 	0.950000 	
2144.656818 	0.020976 	0.950000 	
2144.656818 	0.020976 	0.950000 	
2144.656818 	0.020976 	0.950000 	
2144.656818 	0.020976 	0.950000 	
2144.656818 	0.020976 	0.950000 	
2144.656818 	0.020976 	0.950000 	
2144.656818 	0.020976 	0.950000 	
2144.656818 	0.020976 	0.950000 	
2144.656818 	0.020976 	0.950000 	
2144.656818 	0.020976 	0.950000 	
2144.656818 	0.020976 	0.950000 	
2144.656818 	0.020976 	0.950000 	
2144.656818 	0.020976 	0.950000 	
2144.656818 	0.020976 	0.950000 	
2144.656818 	0.020976 	0.950000 	
2144.656818 	0.020976 	0.950000 	
