17
1566.932383 	0.100000 	2499.900000 	58.084860 	
0.100000 	896.928537 	899.619390 	580.050709 	
401.240324 	68.008497 	1374.868221 	174.264265 	
1538.153242 	1044.900078 	2499.900000 	1168.801841 	
1107.872334 	2150.597758 	2021.854360 	1798.634084 	
1181.762726 	2499.900000 	2056.304835 	2063.337442 	
842.890384 	1670.449579 	1552.904116 	995.822221 	
71.267259 	1845.614296 	993.709375 	2174.767927 	
1700.321067 	1596.208875 	2499.900000 	1217.092908 	
1525.630334 	1868.203640 	2499.900000 	1886.178620 	
635.433495 	7.095956 	1614.320689 	39.055815 	
1430.523348 	1174.424401 	2409.303856 	1209.499859 	
425.881622 	747.273885 	1374.691980 	504.373748 	
497.507529 	813.267196 	1473.049670 	726.324096 	
1353.527033 	2476.251656 	2325.830831 	2358.493866 	
26.090891 	274.459463 	871.143974 	769.562340 	
1713.472676 	1515.971446 	2499.900000 	1086.409818 	
2213.280447 	0.020842 	0.950000 	
2213.280447 	0.020842 	0.950000 	
2213.280447 	0.020842 	0.950000 	
2213.280447 	0.020842 	0.950000 	
2213.280447 	0.020842 	0.950000 	
2213.280447 	0.020842 	0.950000 	
2213.280447 	0.020842 	0.950000 	
2213.280447 	0.020842 	0.950000 	
2213.280447 	0.020842 	0.950000 	
2213.280447 	0.020842 	0.950000 	
2213.280447 	0.020842 	0.950000 	
2213.280447 	0.020842 	0.950000 	
2213.280447 	0.020842 	0.950000 	
2213.280447 	0.020842 	0.950000 	
2213.280447 	0.020842 	0.950000 	
2213.280447 	0.020842 	0.950000 	
2213.280447 	0.020842 	0.950000 	
