20
1122.506081 	1222.046930 	1955.265045 	1845.256754 	
1032.396769 	1542.029946 	2058.073752 	1369.215877 	
1101.836753 	1232.540591 	2114.230263 	1471.156094 	
1001.664701 	2187.675118 	2041.482141 	2162.030044 	
1775.790220 	1032.847761 	2499.900000 	291.047372 	
186.006079 	990.829778 	1149.733611 	599.540599 	
1163.468671 	174.146063 	2173.658139 	421.926642 	
202.515134 	2360.782189 	1242.407174 	2338.365163 	
18.111766 	1835.079021 	959.473225 	1392.680354 	
960.195297 	1325.297072 	1969.020466 	1072.019053 	
632.703196 	1547.414960 	1667.847592 	1649.169846 	
686.428102 	1559.493282 	1648.473872 	1164.087271 	
1091.475920 	1423.993787 	2056.303088 	1812.563615 	
1286.879123 	1489.190536 	2294.262936 	1230.239134 	
556.152013 	1463.485882 	1344.720040 	2141.747221 	
1100.017354 	1520.228328 	2048.021039 	1092.248201 	
563.840594 	2443.622620 	1600.793766 	2499.900000 	
1503.839019 	839.185867 	2363.877592 	254.197295 	
1416.624160 	410.301688 	2415.043116 	118.689679 	
256.864630 	394.310023 	1268.899339 	154.177300 	
2188.426664 	0.020601 	0.950000 	
2188.426664 	0.020601 	0.950000 	
2188.426664 	0.020601 	0.950000 	
2188.426664 	0.020601 	0.950000 	
2188.426664 	0.020601 	0.950000 	
2188.426664 	0.020601 	0.950000 	
2188.426664 	0.020601 	0.950000 	
2188.426664 	0.020601 	0.950000 	
2188.426664 	0.020601 	0.950000 	
2188.426664 	0.020601 	0.950000 	
2188.426664 	0.020601 	0.950000 	
2188.426664 	0.020601 	0.950000 	
2188.426664 	0.020601 	0.950000 	
2188.426664 	0.020601 	0.950000 	
2188.426664 	0.020601 	0.950000 	
2188.426664 	0.020601 	0.950000 	
2188.426664 	0.020601 	0.950000 	
2188.426664 	0.020601 	0.950000 	
2188.426664 	0.020601 	0.950000 	
2188.426664 	0.020601 	0.950000 	
