24
0.100000 	646.052362 	887.728232 	802.809719 	
1411.806731 	795.377430 	2279.733158 	1087.424705 	
1220.278719 	214.626595 	2125.331786 	354.150214 	
1389.251090 	2248.305826 	2244.376046 	2499.900000 	
1090.349631 	872.486526 	1905.340945 	1290.071310 	
1479.289585 	390.153285 	2322.372256 	32.662720 	
0.100000 	1825.999888 	776.630185 	1757.382175 	
603.103746 	1271.850240 	1518.796143 	1262.086658 	
302.301699 	919.244386 	1196.373322 	721.194321 	
788.375789 	2058.063791 	1635.211577 	1709.556914 	
1609.761128 	1870.675562 	2413.595382 	2309.353561 	
369.152436 	515.585689 	1253.586834 	752.996072 	
1019.387742 	1496.356334 	1877.182295 	1175.768750 	
0.100000 	1271.845906 	721.756093 	903.980259 	
108.953115 	317.807162 	1011.841550 	470.713567 	
1476.599693 	1623.555278 	2359.043790 	1378.850740 	
231.680851 	2499.900000 	1047.892618 	2136.029787 	
1453.864052 	313.820875 	2365.288089 	224.972018 	
493.239960 	2399.071377 	1359.059476 	2100.835797 	
1159.610113 	1226.214736 	2024.856086 	1526.110220 	
72.195787 	708.086428 	637.269489 	1428.697006 	
1359.149397 	664.552502 	2078.086869 	97.351650 	
815.632116 	470.977087 	1682.294996 	766.752926 	
1685.013334 	1042.813982 	2499.900000 	1194.029987 	
2192.331591 	0.018223 	0.950000 	
2192.331591 	0.018223 	0.950000 	
2192.331591 	0.018223 	0.950000 	
2192.331591 	0.018223 	0.950000 	
2192.331591 	0.018223 	0.950000 	
2192.331591 	0.018223 	0.950000 	
2192.331591 	0.018223 	0.950000 	
2192.331591 	0.018223 	0.950000 	
2192.331591 	0.018223 	0.950000 	
2192.331591 	0.018223 	0.950000 	
2192.331591 	0.018223 	0.950000 	
2192.331591 	0.018223 	0.950000 	
2192.331591 	0.018223 	0.950000 	
2192.331591 	0.018223 	0.950000 	
2192.331591 	0.018223 	0.950000 	
2192.331591 	0.018223 	0.950000 	
2192.331591 	0.018223 	0.950000 	
2192.331591 	0.018223 	0.950000 	
2192.331591 	0.018223 	0.950000 	
2192.331591 	0.018223 	0.950000 	
2192.331591 	0.018223 	0.950000 	
2192.331591 	0.018223 	0.950000 	
2192.331591 	0.018223 	0.950000 	
2192.331591 	0.018223 	0.950000 	
