22
1391.640500 	424.561806 	2224.566393 	415.073923 	
1264.652771 	2416.886144 	2095.495543 	2476.517104 	
1717.166136 	2021.896179 	2397.716106 	1541.576179 	
1615.584539 	1265.003394 	2448.105479 	1237.354727 	
581.758431 	932.392398 	1254.893780 	1423.049475 	
1231.312277 	132.965875 	2063.671053 	165.128463 	
229.184659 	1698.163187 	1062.054648 	1711.696333 	
0.100000 	224.498443 	710.381846 	0.100000 	
1321.689047 	183.653285 	2154.607994 	173.574038 	
835.287382 	1266.175745 	1664.802361 	1342.073467 	
799.179217 	172.412567 	1620.509348 	311.237562 	
1647.409951 	2106.128619 	2471.479001 	1984.614151 	
1055.037560 	2082.485562 	1884.429034 	2005.249898 	
1193.582477 	1508.869016 	1777.083081 	2103.328946 	
1705.723781 	697.479759 	2232.045441 	51.847453 	
1594.170362 	1329.205186 	2127.787336 	1968.821078 	
990.607076 	1241.438604 	1816.278986 	1351.536109 	
231.062190 	2273.043390 	1000.627687 	2499.900000 	
399.191339 	1875.696955 	1060.536703 	1369.260509 	
1617.664161 	2096.468483 	2428.383571 	1905.184394 	
0.100000 	1179.882793 	721.357693 	1089.105750 	
819.038050 	1012.158488 	1640.567504 	1149.799031 	
2094.326865 	0.017574 	0.950000 	
2094.326865 	0.017574 	0.950000 	
2094.326865 	0.017574 	0.950000 	
2094.326865 	0.017574 	0.950000 	
2094.326865 	0.017574 	0.950000 	
2094.326865 	0.017574 	0.950000 	
2094.326865 	0.017574 	0.950000 	
2094.326865 	0.017574 	0.950000 	
2094.326865 	0.017574 	0.950000 	
2094.326865 	0.017574 	0.950000 	
2094.326865 	0.017574 	0.950000 	
2094.326865 	0.017574 	0.950000 	
2094.326865 	0.017574 	0.950000 	
2094.326865 	0.017574 	0.950000 	
2094.326865 	0.017574 	0.950000 	
2094.326865 	0.017574 	0.950000 	
2094.326865 	0.017574 	0.950000 	
2094.326865 	0.017574 	0.950000 	
2094.326865 	0.017574 	0.950000 	
2094.326865 	0.017574 	0.950000 	
2094.326865 	0.017574 	0.950000 	
2094.326865 	0.017574 	0.950000 	
