6.63759e+007
6.19442e+007
6.62234e+007
6.50487e+007
6.34419e+007
6.23913e+007
6.7139e+007
6.19668e+007
6.54108e+007
6.36842e+007
6.57043e+007
6.32637e+007
6.21663e+007
6.33626e+007
5.95322e+007
6.38919e+007
5.83676e+007
6.09153e+007
7.27243e+007
7.17437e+007
6.03791e+007
6.49064e+007
6.60566e+007
6.24266e+007
6.29337e+007
6.23566e+007
6.43142e+007
6.4881e+007
6.00158e+007
5.97784e+007
6.35044e+007
6.36136e+007
6.61991e+007
6.37074e+007
6.4518e+007
6.40229e+007
6.47647e+007
6.5915e+007
6.40793e+007
6.49153e+007
5.73049e+007
6.4569e+007
6.30311e+007
6.01196e+007
6.61392e+007
6.47985e+007
6.25808e+007
6.49281e+007
5.85284e+007
6.09614e+007
6.85862e+007
5.72352e+007
6.57887e+007
6.55481e+007
6.64906e+007
6.28741e+007
6.79148e+007
6.43647e+007
6.37972e+007
6.45037e+007
6.40536e+007
6.33325e+007
5.99297e+007
6.33377e+007
6.33081e+007
6.66415e+007
6.07197e+007
6.14806e+007
6.1897e+007
6.29946e+007
6.30827e+007
6.52049e+007
6.65546e+007
6.31286e+007
6.13194e+007
6.50993e+007
6.48097e+007
5.96912e+007
6.92893e+007
6.71869e+007
6.34637e+007
6.0614e+007
6.15297e+007
6.37875e+007
6.53126e+007
6.73554e+007
6.26264e+007
6.82989e+007
6.04529e+007
6.13547e+007
6.02442e+007
6.63636e+007
6.98913e+007
6.6176e+007
6.30051e+007
6.00005e+007
6.69948e+007
5.95221e+007
6.22644e+007
5.85198e+007
6.59892e+007
6.53341e+007
6.22202e+007
6.025e+007
6.30891e+007
7.0981e+007
5.86361e+007
6.45403e+007
6.40823e+007
6.73683e+007
6.12854e+007
6.84238e+007
6.81348e+007
6.14436e+007
6.28201e+007
6.47472e+007
5.55651e+007
6.65948e+007
6.15725e+007
6.2011e+007
5.79864e+007
6.24885e+007
6.62298e+007
6.36124e+007
6.38309e+007
6.42531e+007
6.2968e+007
6.43221e+007
6.60999e+007
6.06917e+007
6.67574e+007
6.60115e+007
6.68036e+007
6.08959e+007
6.09234e+007
6.26699e+007
6.48324e+007
6.65798e+007
6.78637e+007
6.19063e+007
6.39159e+007
5.9858e+007
6.30371e+007
6.95868e+007
6.29192e+007
6.58927e+007
6.31227e+007
6.39954e+007
6.20406e+007
6.2003e+007
6.68621e+007
6.40301e+007
6.26982e+007
6.73366e+007
6.66491e+007
6.46215e+007
6.47057e+007
6.75458e+007
6.55178e+007
6.77705e+007
6.18717e+007
6.44624e+007
6.61307e+007
6.56493e+007
6.73714e+007
6.67429e+007
6.726e+007
6.39155e+007
6.14737e+007
6.43658e+007
6.63353e+007
6.06399e+007
5.93181e+007
6.66368e+007
6.50147e+007
6.37912e+007
6.53007e+007
6.4808e+007
6.77207e+007
6.22948e+007
6.5075e+007
6.52284e+007
6.57892e+007
6.60293e+007
6.38212e+007
6.90914e+007
6.42699e+007
6.02278e+007
6.35492e+007
6.13788e+007
6.1121e+007
6.34546e+007
6.5184e+007
5.82502e+007
6.71238e+007
6.97307e+007
6.70701e+007
6.03043e+007
6.47347e+007
6.41712e+007
