0

1531.207085 	422.307905 	2499.900000 	875.809266 	
1792.838240 	236.432836 	2499.900000 	432.139706 	
6.709326 	1163.481937 	972.744639 	932.660156 	
980.211179 	979.682474 	1595.667875 	1554.620082 	
1512.937092 	674.747530 	2274.962155 	946.875245 	
1154.668269 	1575.026640 	1893.422926 	1848.417362 	
1709.274512 	1275.141790 	2499.900000 	940.325765 	
1706.694099 	1202.696526 	2499.900000 	975.618873 	
1705.347731 	1858.574867 	2499.900000 	2106.542711 	
0.100000 	1838.946497 	777.195545 	2238.835351 	
733.858694 	1884.334501 	1516.280480 	1876.228768 	
547.356336 	1699.070577 	1236.003436 	2247.209129 	
72.354437 	1275.558061 	963.853796 	1230.779204 	
57.531639 	1254.218734 	980.808962 	1521.690879 	
1472.417320 	1576.359420 	2251.373322 	1577.389272 	
974.200321 	95.930578 	1624.856736 	394.015246 	
1669.467752 	674.770030 	2499.900000 	553.610880 	
1815.538688 	1544.380412 	2499.900000 	1534.245299 	
716.803917 	999.927428 	1422.772802 	524.872360 	
518.216434 	1860.872880 	1466.535074 	1973.965134 	
253.071511 	652.186104 	1154.344858 	683.959358 	
693.634447 	4.413222 	1590.489388 	193.118299 	
277.712038 	673.973897 	1287.173712 	808.834991 	
682.183629 	1521.684201 	1654.201947 	1260.140674 	
680.850488 	2306.620041 	1550.770824 	2499.900000 	
2000.000000 	0.020000 	0.950000 	
2000.000000 	0.020000 	0.950000 	
2000.000000 	0.020000 	0.950000 	
2000.000000 	0.020000 	0.950000 	
2000.000000 	0.020000 	0.950000 	
2000.000000 	0.020000 	0.950000 	
2000.000000 	0.020000 	0.950000 	
2000.000000 	0.020000 	0.950000 	
2000.000000 	0.020000 	0.950000 	
2000.000000 	0.020000 	0.950000 	
2000.000000 	0.020000 	0.950000 	
2000.000000 	0.020000 	0.950000 	
2000.000000 	0.020000 	0.950000 	
2000.000000 	0.020000 	0.950000 	
2000.000000 	0.020000 	0.950000 	
2000.000000 	0.020000 	0.950000 	
2000.000000 	0.020000 	0.950000 	
2000.000000 	0.020000 	0.950000 	
2000.000000 	0.020000 	0.950000 	
2000.000000 	0.020000 	0.950000 	
2000.000000 	0.020000 	0.950000 	
2000.000000 	0.020000 	0.950000 	
2000.000000 	0.020000 	0.950000 	
2000.000000 	0.020000 	0.950000 	
2000.000000 	0.020000 	0.950000 	
