        1000 
        1000 
        1000 
        1000 
        1000 
        1000 
        1000 
        1000 
     1028.53 
     3580.42 
     3479.04 
     2148.93 
     1879.55 
     1379.02 
     1579.19 
     1889.55 
     1691.95 
        1000 
        1000 
        1000 
     1013.36 
     1028.47 
     1053.38 
     1291.07 
     3790.25 
     3592.65 
     1508.26 
        1000 
        1000 
        1000 
        1000 
        1000 
        1000 
     2983.61 
      3662.9 
     1026.04 
        1000 
        1000 
        1000 
        1000 
        1000 
        1000 
        1000 
        1000 
        1000 
     2519.13 
     2955.74 
     2672.38 
     2275.72 
     1844.52 
     1518.48 
        1000 
        1000 
        1000 
        1000 
        1000 
        1000 
     2451.35 
     3215.22 
     4699.85 
     5879.29 
     5511.53 
     4346.42 
     2221.93 
        1000 
        1000 
        1000 
      3004.3 
     2956.28 
     3159.35 
     3139.63 
     1446.99 
     1009.64 
     1017.34 
     1022.29 
     1020.75 
      1016.8 
     1016.77 
     1022.11 
     2207.63 
     1115.52 
     1008.86 
     1020.08 
     1033.45 
     1037.21 
     1027.56 
     1015.89 
     1005.56 
        1000 
        1000 
        1000 
        1000 
        1000 
        1000 
        1000 
        1000 
        1000 
        1000 
     1016.09 
     1018.22 
     1000.01 
        1000 
        1000 
        1000 
        1000 
        1000 
        1000 
        1000 
        1000 
        1000 
        1000 
        1000 
        1000 
        1000 
        1000 
        1000 
        1000 
        1000 
     1005.58 
     1010.79 
     1012.48 
     1006.31 
        1000 
        1000 
        1000 
        1000 
        1000 
     1000.01 
     1000.01 
     1495.07 
     1547.81 
     2273.04 
     2298.28 
     1376.53 
     1039.29 
      1537.7 
     1027.89 
        1000 
        1000 
        1000 
     2003.77 
     4521.14 
      4295.2 
     2786.11 
     2432.31 
     3031.89 
     2549.24 
      1157.4 
     1028.49 
     1039.82 
     1785.93 
     3838.91 
     4958.01 
     5020.62 
     4732.15 
     4415.96 
     4626.97 
     4704.65 
     3532.26 
      1625.5 
        1000 
        1000 
        1000 
        1000 
        1000 
        1000 
     1018.47 
      2643.6 
     3864.77 
     3273.66 
     3160.06 
     3546.06 
     3217.88 
     2974.16 
     2970.93 
     1368.38 
        1000 
        1000 
     1019.64 
     3430.32 
     4251.92 
     4508.64 
     3776.49 
     3005.86 
     2315.55 
     1798.43 
        1373 
     1470.67 
     1191.51 
     2187.66 
     3165.93 
     4657.97 
     5468.49 
     5176.64 
     4036.11 
     2530.73 
     1551.75 
     1518.78 
     2204.79 
     3647.29 
        3818 
     3240.44 
     1994.96 
        1000 
        1000 
        1000 
        1000 
        1000 
        1000 
        1000 
        1000 
     2917.26 
     2834.53 
     1578.07 
     1030.43 
     1283.59 
      2152.9 
     2859.99 
     2533.81 
     2129.79 
     2619.19 
     1859.65 
     1151.31 
     1212.27 
     1331.95 
        1000 
        1000 
        1000 
     1001.78 
     1021.57 
     1040.04 
     1044.14 
     1034.27 
     1016.06 
        1000 
        1000 
        1000 
        1000 
        1000 
        1000 
        1000 
        1000 
     1000.01 
     1002.16 
     5395.71 
     5452.21 
     4444.25 
     1892.04 
     1007.71 
        1000 
        1000 
        1000 
        1000 
        1000 
     1917.78 
     2914.42 
     2029.14 
     1785.56 
     2144.58 
     2343.17 
     2934.12 
     3999.04 
      4329.7 
     2208.67 
        1000 
        1000 
        1000 
        1000 
        1000 
        1000 
        1000 
        1000 
     1549.43 
        2123 
     2914.18 
     3318.31 
     2613.76 
     1359.62 
     1729.26 
     1741.03 
        1000 
        1000 
        1000 
        1000 
        1000 
     1000.14 
     1258.82 
     3726.12 
     5234.68 
     3335.08 
        1000 
        1000 
        1000 
        1000 
        1000 
        1000 
     1010.42 
     1215.92 
     4163.71 
      4682.3 
     3504.27 
        1000 
        1000 
        1000 
        1000 
     1734.09 
     2621.02 
      2554.9 
     2663.04 
     3133.58 
     2809.31 
      2712.6 
     3086.35 
     2808.48 
     1600.39 
     1502.54 
     1337.98 
     2673.31 
     3588.98 
     4213.12 
     4661.42 
     4292.41 
     2934.04 
     1190.73 
     1428.57 
     2966.11 
     4141.19 
     4206.64 
     4037.83 
     4018.17 
        3329 
     1656.17 
     1000.12 
     1322.28 
     3064.66 
     4162.12 
      4587.1 
     4422.29 
     4299.13 
     3576.82 
     3460.43 
      3323.2 
        3282 
     3203.07 
     2981.62 
     1951.22 
     1380.61 
     1518.57 
     1618.89 
     1819.08 
     2293.12 
     2803.18 
     3336.94 
     2993.44 
     1799.25 
      1435.6 
     1112.74 
     1412.02 
     1000.02 
        1000 
        1000 
        1000 
        1000 
        1000 
     1003.06 
     1006.44 
     3768.12 
     3370.09 
     2899.95 
     2327.35 
        1000 
        1000 
        1000 
        1000 
        1000 
        1000 
        1000 
        1000 
     2954.05 
     3701.53 
      2966.3 
     2796.84 
     2964.02 
     4025.63 
     4055.47 
     2902.41 
     2565.48 
     3347.49 
     3502.57 
     2882.33 
     3028.24 
     3824.92 
     4443.66 
     4094.97 
     3246.41 
     1178.75 
     1016.26 
     1028.67 
     1027.66 
      1018.4 
     1002.53 
        1000 
        1000 
        1000 
        1000 
        1000 
     1718.58 
     1028.47 
     1017.18 
     1016.64 
     1044.79 
     2440.63 
     4997.55 
      6058.9 
     5202.16 
     1500.32 
     1041.15 
     1049.35 
     1063.13 
     1054.75 
     1034.91 
     1021.42 
     1018.02 
     1014.59 
     1002.47 
     1874.22 
     1824.74 
     1675.74 
     1088.25 
     1000.01 
        1000 
        1000 
        1000 
        1000 
        1000 
        1000 
     1005.87 
     1012.81 
     1007.12 
     1000.01 
        1000 
     2160.94 
     2838.69 
     2584.36 
     1714.94 
     1001.51 
        1000 
        1000 
     1000.02 
      2224.6 
     1930.38 
        1000 
        1000 
        1000 
        1000 
        1000 
        1000 
        1000 
        1000 
        1000 
     1568.72 
      1920.9 
     1144.27 
        1000 
        1000 
        1000 
        1000 
        1000 
        1000 
        1000 
        1000 
        1000 
        1000 
        1000 
        1000 
        1000 
        1000 
        1000 
        1000 
        1000 
        1000 
        1000 
        1000 
        1000 
        1000 
     1000.01 
     1000.01 
        1000 
     1778.95 
        1760 
     2269.71 
     1767.36 
      1078.8 
     1144.52 
        1000 
        1000 
        1000 
        1000 
     1327.55 
     1712.17 
     1284.49 
     1272.73 
     2467.57 
     4221.74 
     4742.09 
     2293.58 
        1000 
        1000 
        1000 
        1000 
        1000 
     1466.74 
     2512.79 
     2648.19 
     2435.38 
        1000 
        1000 
     1006.02 
     1005.63 
     1006.43 
        1000 
        1000 
        1000 
     1002.58 
        1000 
        1000 
        1000 
        1000 
     2173.37 
     4119.77 
     5427.82 
     6064.43 
     5763.63 
      5192.3 
     4447.52 
     3861.88 
     3523.21 
     2776.96 
     1980.78 
     1806.28 
     2596.06 
      3564.4 
     2972.08 
     1621.04 
     1937.99 
     2284.61 
     3307.46 
     4158.78 
      4546.9 
     4106.86 
     2872.03 
     2058.31 
     2457.97 
     2773.08 
      1641.4 
     1147.01 
     2231.56 
     2852.47 
     2410.74 
     1174.35 
        1000 
     1638.66 
        3465 
     3665.21 
     2297.45 
     1961.85 
     1994.15 
     1468.63 
     1681.08 
     2321.74 
     2786.59 
     2010.59 
     1343.08 
     2005.32 
     3122.02 
     2663.89 
        1000 
        1000 
        1000 
        1000 
        1000 
        1000 
        1000 
        1000 
        1000 
        1000 
        1000 
     1936.36 
     2277.53 
        1000 
        1000 
        1000 
        1000 
        1000 
        1000 
        1000 
        1000 
        1000 
        1000 
        1000 
        1000 
        1000 
     1001.18 
      1013.4 
     1011.83 
        1000 
        1000 
        1000 
        1000 
        1000 
     3325.61 
     1530.95 
     14.5806 
     26.6358 
     43.6427 
     33.2893 
     23.0356 
     11.0912 
     4.18615 
     22.8763 
     44.5105 
     30.5854 
     6.24371 
     1077.67 
     30.1389 
     26.0033 
  0.00584694 
2.25129e-007 
1.02398e-007 
 0.000158503 
4.54577e-005 
1.00472e-006 
7.65861e-006 
5.40517e-006 
3.31274e-005 
  0.00145746 
   0.0029228 
  0.00304344 
 0.000590159 
3.86608e-006 
   0.0144112 
     426.228 
     2024.86 
     3301.32 
     3648.14 
     3422.67 
     3044.88 
     3014.21 
     2821.04 
     2090.61 
     2617.28 
     2940.45 
     295.756 
     32.9996 
     19.9551 
     8.00991 
4.06418e-006 
1.16084e-005 
     2583.87 
     5250.35 
     6405.95 
     5884.51 
     3828.79 
     2897.99 
     3346.78 
     4292.02 
      4627.2 
     3718.71 
     1986.59 
1.05776e-005 
1.24615e-005 
1.26758e-005 
4.73483e-005 
9.06132e-005 
 0.000127133 
 0.000105807 
   0.0153666 
     1550.56 
     402.693 
      184.26 
      35.592 
     56.5239 
     56.8368 
     61.0646 
     62.7833 
     49.3261 
     27.9276 
     22.2354 
     26.7813 
     832.709 
     27.2008 
     24.8761 
     15.1052 
1.07896e-007 
1.24964e-007 
   0.0109848 
   0.0078791 
 0.000819644 
 0.000393594 
     2161.19 
     3622.02 
     1696.08 
      38.426 
     20.0454 
     13.7154 
     8.91348 
 0.000215828 
 0.000235281 
 0.000167863 
 0.000153755 
4.46952e-007 
1.88352e-007 
5.34561e-006 
8.99564e-006 
5.87941e-005 
 0.000769369 
  0.00180937 
  0.00131243 
 0.000698174 
3.28362e-008 
3.71179e-007 
2.27199e-005 
5.71577e-005 
     356.585 
     3297.84 
     2501.83 
      22.107 
     35.7001 
     34.3203 
     11.3054 
  0.00618398 
2.74945e-006 
     4859.33 
     5361.87 
     2538.54 
  0.00133067 
2.79121e-005 
     329.174 
     1844.75 
     259.858 
     36.9352 
     11.6783 
 0.000932939 
 0.000253452 
   0.0114109 
  0.00312302 
1.73433e-006 
2.16149e-006 
     15.7578 
     62.5807 
     75.1331 
     2629.73 
     2579.34 
     1975.76 
     2136.77 
     2858.14 
     1843.64 
 0.000910038 
 0.000105154 
8.85606e-005 
5.02889e-005 
3.41065e-005 
     976.082 
     2064.94 
     3.09548 
       14.91 
     2.84106 
 0.000776533 
  0.00110855 
     2691.16 
     1718.52 
 2.5921e-007 
 3.7575e-005 
  0.00144468 
     3.68633 
     35.1191 
     1782.27 
     3865.17 
     1814.84 
6.25248e-006 
1.46136e-005 
2.89283e-005 
2.85142e-005 
1.15765e-005 
  0.00015228 
   0.0201547 
   0.0120239 
     1722.67 
     5309.48 
     5206.04 
     4682.97 
     5221.02 
     4078.19 
     588.252 
 0.000998548 
 0.000763925 
 0.000618256 
 0.000177167 
4.29103e-005 
5.02187e-006 
3.59301e-006 
     23.4054 
     32.4292 
     23.1369 
 0.000562908 
  0.00174498 
  0.00327524 
  0.00308582 
     1.54683 
     32.9329 
      20.137 
  0.00020656 
 0.000314121 
  0.00119319 
   0.0019352 
  0.00230096 
  0.00260019 
  0.00167732 
 0.000228377 
 0.000764319 
  0.00102087 
  0.00122118 
 0.000318544 
1.66969e-005 
1.58885e-005 
1.57631e-005 
1.90069e-005 
      3792.7 
     4307.07 
     817.889 
5.54795e-005 
7.83308e-006 
1.14694e-005 
 0.000988913 
   0.0033775 
   0.0228164 
   0.0366551 
   0.0388304 
     13.6778 
     30.0046 
     26.1065 
     6.69164 
     911.744 
     1097.22 
     1236.91 
     2211.44 
     3513.01 
     2777.44 
 0.000743386 
  0.00196154 
  0.00170772 
6.25188e-005 
7.58075e-005 
  7.854e-005 
     3270.84 
1.88163e-007 
6.14343e-006 
7.62829e-006 
3.77913e-005 
  0.00055409 
  0.00146634 
  0.00172665 
 0.000945173 
9.23669e-005 
 0.000109588 
8.51142e-005 
 3.1506e-005 
3.42357e-006 
5.32351e-006 
7.31042e-005 
     843.245 
     4350.99 
     6163.42 
     6218.14 
      4918.5 
     2019.54 
   0.0143331 
  0.00728585 
 0.000756931 
     18.1507 
     37.7889 
  0.00103044 
1.76701e-005 
4.96333e-006 
     2225.86 
     4758.54 
     2753.35 
 0.000528238 
2.18053e-008 
3.41291e-006 
 2.7384e-005 
  0.00114274 
  0.00270823 
  0.00508281 
  0.00647903 
     2.84797 
     1481.69 
     4296.28 
      4357.1 
     3069.48 
     1555.31 
 0.000427675 
 5.6495e-007 
 2.0262e-005 
3.22725e-005 
6.30674e-006 
1.68288e-006 
 8.5143e-009 
5.89084e-009 
4.75695e-006 
2.42133e-008 
2.22456e-005 
  0.00248993 
  0.00407981 
     25.9511 
     38.5367 
      31.046 
     14.7932 
     9.95287 
     2.71009 
     2.70037 
     3334.12 
     6978.74 
     7008.58 
      6264.9 
     4449.25 
     205.353 
2.15884e-005 
  0.00114594 
7.53234e-005 
 0.000106074 
9.11718e-005 
   0.0130957 
  0.00209837 
4.29552e-005 
8.01951e-005 
 4.0919e-005 
 4.6196e-007 
 8.8591e-007 
1.50607e-006 
2.18283e-005 
   0.0001046 
  0.00783749 
   0.0229735 
   0.0183362 
     10.4485 
       57.52 
     94.1157 
     87.6249 
     2708.41 
     5995.13 
     5638.62 
     2345.24 
  0.00135591 
 0.000772431 
  0.00071111 
3.42557e-005 
6.33541e-006 
 6.4591e-006 
5.29971e-006 
     2.98925 
     3.82478 
  0.00312964 
  0.00290913 
  0.00150796 
 0.000850547 
  0.00222542 
     8.13989 
     515.521 
     2434.29 
     3243.27 
7.97458e-008 
1.28391e-008 
4.28129e-006 
8.29732e-006 
6.21407e-006 
      1668.9 
     53.8748 
     54.7742 
     23.2624 
6.90456e-005 
4.85925e-005 
1.74125e-005 
6.16875e-008 
4.22579e-006 
6.52129e-005 
     1972.83 
     708.567 
      27.755 
     36.6783 
     28.0972 
     134.777 
     2441.37 
     1844.17 
     2128.18 
      4509.4 
      6046.7 
      4791.9 
     3044.71 
     1807.73 
     1399.23 
     1963.91 
     3761.01 
     5253.08 
      2814.4 
     1217.45 
     1998.23 
     4246.36 
     3271.29 
     275.262 
    0.219604 
     2424.59 
     5149.73 
     6410.17 
     6349.69 
     5161.81 
     2719.23 
     2511.55 
      3921.4 
     2782.97 
     15.0225 
  0.00254203 
  0.00115661 
  0.00116254 
   0.0012579 
     2167.93 
     26.3551 
1.21026e-005 
1.87007e-005 
5.41635e-006 
3.47502e-006 
  0.00107748 
   0.0118995 
   0.0284782 
   0.0411406 
     524.875 
     3423.02 
7.25767e-007 
1.61367e-005 
  0.00118527 
  0.00107863 
 0.000833085 
 0.000770845 
 0.000589949 
4.54084e-006 
8.44289e-006 
5.71622e-006 
7.59478e-007 
     916.737 
     2453.04 
     5059.56 
     6618.27 
     6099.52 
     1788.39 
3.74931e-005 
 0.000618272 
  0.00681637 
   0.0306685 
     36.6385 
     472.724 
     75.2497 
     66.0293 
     45.2818 
     21.7436 
     2.43707 
  0.00247412 
  0.00192918 
 0.000865036 
4.00093e-006 
4.03977e-006 
2.69177e-006 
     554.712 
     3275.81 
     1444.24 
1.43286e-007 
 0.000793051 
 0.000745477 
1.81349e-006 
1.74383e-006 
 0.000229806 
     4215.85 
     4017.16 
 0.000563007 
7.12069e-005 
 0.000498938 
  0.00153998 
  0.00233288 
   0.0033696 
     3.43233 
     27.9942 
     45.6977 
     31.6636 
   0.0104132 
  0.00342922 
  0.00276883 
  0.00773032 
     1772.81 
     4073.28 
     1626.77 
 0.000146643 
 0.000119118 
     713.494 
      174.41 
7.11418e-005 
 5.7173e-005 
8.57605e-005 
   0.0014402 
  0.00226458 
  0.00297228 
  0.00274822 
  0.00175637 
 0.000295365 
     9.95173 
      28.255 
     29.7167 
     2.37794 
1.27913e-005 
 0.000250039 
  0.00178758 
   0.0163778 
      2282.2 
     3893.63 
     2338.81 
     1258.22 
     2104.53 
     3109.58 
     2364.04 
      2406.6 
     1637.39 
     1240.43 
     1458.49 
     1538.03 
     2254.33 
     3310.35 
     2553.18 
     1230.14 
     1283.31 
     2355.75 
     2550.28 
     2548.76 
     3139.14 
     5162.31 
     5647.49 
     4070.95 
     3169.48 
     1644.19 
   0.0263531 
   0.0086864 
 0.000962644 
 0.000563953 
           0 
    0.535996 
     18.0337 
     28.4295 
     13.3878 
  0.00149375 
3.64516e-005 
      3.2654 
     30.7644 
     26.2006 
 0.000898987 
6.30559e-005 
6.44712e-005 
     1052.02 
     3566.11 
     3963.37 
     3888.69 
     2674.26 
     574.439 
  0.00328084 
  0.00136094 
6.79747e-007 
5.27654e-007 
7.44847e-008 
8.47441e-006 
4.19783e-006 
5.93797e-006 
  0.00663433 
     20.5812 
     22.0259 
  0.00340117 
  0.00209845 
 0.000980092 
 0.000822312 
   0.0013212 
  0.00204177 
  0.00165055 
     2265.19 
     6957.12 
     6736.85 
     3499.66 
 0.000216335 
  0.00137781 
  0.00188597 
     5.36616 
     10.8578 
  0.00102102 
  0.00181069 
  0.00262017 
     226.667 
     2991.44 
     3871.93 
     2811.49 
     351.318 
    0.108587 
     7.45542 
     31.3626 
     36.1923 
     32.3095 
     33.2036 
     33.9511 
     18.7708 
     11.3511 
     13.2877 
     10.3442 
 0.000854069 
   0.0006855 
1.14986e-005 
1.08373e-005 
3.28609e-005 

